5.79e+10, 0
1.082e+11, 0
1.496e+11, 0
2.279e+11, 0

5.79e+10, 474
1.082e+11, 350
1.496e+11, 0.298
2.279e+11, 0.241

5.79e+10, 948
1.082e+11, 700
1.496e+11, 0.596
2.279e+11, 0.482

5.79e+10, 1422
1.082e+11, 1050
1.496e+11, 0.894
2.279e+11, 0.723

5.79e+10, 1896
1.082e+11, 1400
1.496e+11, 1.192
2.279e+11, 0.964

5.79e+10, 2370
1.082e+11, 1750
1.496e+11, 1.49
2.279e+11, 1.205

5.79e+10, 2844
1.082e+11, 2100
1.496e+11, 1.788
2.279e+11, 1.446

5.79e+10, 3318
1.082e+11, 2450
1.496e+11, 2.086
2.279e+11, 1.687

5.79e+10, 3792
1.082e+11, 2800
1.496e+11, 2.384
2.279e+11, 1.928

5.79e+10, 4266
1.082e+11, 3150
1.496e+11, 2.682
2.279e+11, 2.169

5.79e+10, 4740
1.082e+11, 3500
1.496e+11, 2.98
2.279e+11, 2.41

5.79e+10, 5214
1.082e+11, 3850
1.496e+11, 3.278
2.279e+11, 2.651

5.79e+10, 5688
1.082e+11, 4200
1.496e+11, 3.576
2.279e+11, 2.892

5.79e+10, 6162
1.082e+11, 4550
1.496e+11, 3.874
2.279e+11, 3.133

5.79e+10, 6636
1.082e+11, 4900
1.496e+11, 4.172
2.279e+11, 3.374

5.79e+10, 7110
1.082e+11, 5250
1.496e+11, 4.47
2.279e+11, 3.615

5.79e+10, 7584
1.082e+11, 5600
1.496e+11, 4.768
2.279e+11, 3.856

5.79e+10, 8058
1.082e+11, 5950
1.496e+11, 5.066
2.279e+11, 4.097

5.79e+10, 8532
1.082e+11, 6300
1.496e+11, 5.364
2.279e+11, 4.338

5.79e+10, 9006
1.082e+11, 6650
1.496e+11, 5.662
2.279e+11, 4.579

5.79e+10, 9480
1.082e+11, 7000
1.496e+11, 5.96
2.279e+11, 4.82

5.79e+10, 9954
1.082e+11, 7350
1.496e+11, 6.258
2.279e+11, 5.061

5.79e+10, 10428
1.082e+11, 7700
1.496e+11, 6.556
2.279e+11, 5.302

5.79e+10, 10902
1.082e+11, 8050
1.496e+11, 6.854
2.279e+11, 5.543

5.79e+10, 11376
1.082e+11, 8400
1.496e+11, 7.152
2.279e+11, 5.784

5.79e+10, 11850
1.082e+11, 8750
1.496e+11, 7.45
2.279e+11, 6.025

5.79e+10, 12324
1.082e+11, 9100
1.496e+11, 7.748
2.279e+11, 6.266

5.79e+10, 12798
1.082e+11, 9450
1.496e+11, 8.046
2.279e+11, 6.507

5.79e+10, 13272
1.082e+11, 9800
1.496e+11, 8.344
2.279e+11, 6.748

5.79e+10, 13746
1.082e+11, 10150
1.496e+11, 8.642
2.279e+11, 6.989

5.79e+10, 14220
1.082e+11, 10500
1.496e+11, 8.94
2.279e+11, 7.23

5.79e+10, 14694
1.082e+11, 10850
1.496e+11, 9.238
2.279e+11, 7.471

5.79e+10, 15168
1.082e+11, 11200
1.496e+11, 9.536
2.279e+11, 7.712

5.79e+10, 15642
1.082e+11, 11550
1.496e+11, 9.834
2.279e+11, 7.953

5.79e+10, 16116
1.082e+11, 11900
1.496e+11, 10.132
2.279e+11, 8.194

5.79e+10, 16590
1.082e+11, 12250
1.496e+11, 10.43
2.279e+11, 8.435

5.79e+10, 17064
1.082e+11, 12600
1.496e+11, 10.728
2.279e+11, 8.676

5.79e+10, 17538
1.082e+11, 12950
1.496e+11, 11.026
2.279e+11, 8.917

5.79e+10, 18012
1.082e+11, 13300
1.496e+11, 11.324
2.279e+11, 9.158

5.79e+10, 18486
1.082e+11, 13650
1.496e+11, 11.622
2.279e+11, 9.399

5.79e+10, 18960
1.082e+11, 14000
1.496e+11, 11.92
2.279e+11, 9.64

5.79e+10, 19434
1.082e+11, 14350
1.496e+11, 12.218
2.279e+11, 9.881

5.79e+10, 19908
1.082e+11, 14700
1.496e+11, 12.516
2.279e+11, 10.122

5.79e+10, 20382
1.082e+11, 15050
1.496e+11, 12.814
2.279e+11, 10.363

5.79e+10, 20856
1.082e+11, 15400
1.496e+11, 13.112
2.279e+11, 10.604

5.79e+10, 21330
1.082e+11, 15750
1.496e+11, 13.41
2.279e+11, 10.845

5.79e+10, 21804
1.082e+11, 16100
1.496e+11, 13.708
2.279e+11, 11.086

5.79e+10, 22278
1.082e+11, 16450
1.496e+11, 14.006
2.279e+11, 11.327

5.79e+10, 22752
1.082e+11, 16800
1.496e+11, 14.304
2.279e+11, 11.568

5.79e+10, 23226
1.082e+11, 17150
1.496e+11, 14.602
2.279e+11, 11.809

5.79e+10, 23700
1.082e+11, 17500
1.496e+11, 14.9
2.279e+11, 12.05

5.79e+10, 24174
1.082e+11, 17850
1.496e+11, 15.198
2.279e+11, 12.291

5.79e+10, 24648
1.082e+11, 18200
1.496e+11, 15.496
2.279e+11, 12.532

5.79e+10, 25122
1.082e+11, 18550
1.496e+11, 15.794
2.279e+11, 12.773

5.79e+10, 25596
1.082e+11, 18900
1.496e+11, 16.092
2.279e+11, 13.014

5.79e+10, 26070
1.082e+11, 19250
1.496e+11, 16.39
2.279e+11, 13.255

5.79e+10, 26544
1.082e+11, 19600
1.496e+11, 16.688
2.279e+11, 13.496

5.79e+10, 27018
1.082e+11, 19950
1.496e+11, 16.986
2.279e+11, 13.737

5.79e+10, 27492
1.082e+11, 20300
1.496e+11, 17.284
2.279e+11, 13.978

5.79e+10, 27966
1.082e+11, 20650
1.496e+11, 17.582
2.279e+11, 14.219

5.79e+10, 28440
1.082e+11, 21000
1.496e+11, 17.88
2.279e+11, 14.46

5.79e+10, 28914
1.082e+11, 21350
1.496e+11, 18.178
2.279e+11, 14.701

5.79e+10, 29388
1.082e+11, 21700
1.496e+11, 18.476
2.279e+11, 14.942

5.79e+10, 29862
1.082e+11, 22050
1.496e+11, 18.774
2.279e+11, 15.183

5.79e+10, 30336
1.082e+11, 22400
1.496e+11, 19.072
2.279e+11, 15.424

5.79e+10, 30810
1.082e+11, 22750
1.496e+11, 19.37
2.279e+11, 15.665

5.79e+10, 31284
1.082e+11, 23100
1.496e+11, 19.668
2.279e+11, 15.906

5.79e+10, 31758
1.082e+11, 23450
1.496e+11, 19.966
2.279e+11, 16.147

5.79e+10, 32232
1.082e+11, 23800
1.496e+11, 20.264
2.279e+11, 16.388

5.79e+10, 32706
1.082e+11, 24150
1.496e+11, 20.562
2.279e+11, 16.629

5.79e+10, 33180
1.082e+11, 24500
1.496e+11, 20.86
2.279e+11, 16.87

5.79e+10, 33654
1.082e+11, 24850
1.496e+11, 21.158
2.279e+11, 17.111

5.79e+10, 34128
1.082e+11, 25200
1.496e+11, 21.456
2.279e+11, 17.352

5.79e+10, 34602
1.082e+11, 25550
1.496e+11, 21.754
2.279e+11, 17.593

5.79e+10, 35076
1.082e+11, 25900
1.496e+11, 22.052
2.279e+11, 17.834

5.79e+10, 35550
1.082e+11, 26250
1.496e+11, 22.35
2.279e+11, 18.075

5.79e+10, 36024
1.082e+11, 26600
1.496e+11, 22.648
2.279e+11, 18.316

5.79e+10, 36498
1.082e+11, 26950
1.496e+11, 22.946
2.279e+11, 18.557

5.79e+10, 36972
1.082e+11, 27300
1.496e+11, 23.244
2.279e+11, 18.798

5.79e+10, 37446
1.082e+11, 27650
1.496e+11, 23.542
2.279e+11, 19.039

5.79e+10, 37920
1.082e+11, 28000
1.496e+11, 23.84
2.279e+11, 19.28

5.79e+10, 38394
1.082e+11, 28350
1.496e+11, 24.138
2.279e+11, 19.521

5.79e+10, 38868
1.082e+11, 28700
1.496e+11, 24.436
2.279e+11, 19.762

5.79e+10, 39342
1.082e+11, 29050
1.496e+11, 24.734
2.279e+11, 20.003

5.79e+10, 39816
1.082e+11, 29400
1.496e+11, 25.032
2.279e+11, 20.244

5.79e+10, 40290
1.082e+11, 29750
1.496e+11, 25.33
2.279e+11, 20.485

5.79e+10, 40764
1.082e+11, 30100
1.496e+11, 25.628
2.279e+11, 20.726

5.79e+10, 41238
1.082e+11, 30450
1.496e+11, 25.926
2.279e+11, 20.967

5.79e+10, 41712
1.082e+11, 30800
1.496e+11, 26.224
2.279e+11, 21.208

5.79e+10, 42186
1.082e+11, 31150
1.496e+11, 26.522
2.279e+11, 21.449

5.79e+10, 42660
1.082e+11, 31500
1.496e+11, 26.82
2.279e+11, 21.69

5.79e+10, 43134
1.082e+11, 31850
1.496e+11, 27.118
2.279e+11, 21.931

5.79e+10, 43608
1.082e+11, 32200
1.496e+11, 27.416
2.279e+11, 22.172

5.79e+10, 44082
1.082e+11, 32550
1.496e+11, 27.714
2.279e+11, 22.413

5.79e+10, 44556
1.082e+11, 32900
1.496e+11, 28.012
2.279e+11, 22.654

5.79e+10, 45030
1.082e+11, 33250
1.496e+11, 28.31
2.279e+11, 22.895

5.79e+10, 45504
1.082e+11, 33600
1.496e+11, 28.608
2.279e+11, 23.136

5.79e+10, 45978
1.082e+11, 33950
1.496e+11, 28.906
2.279e+11, 23.377

5.79e+10, 46452
1.082e+11, 34300
1.496e+11, 29.204
2.279e+11, 23.618

5.79e+10, 46926
1.082e+11, 34650
1.496e+11, 29.502
2.279e+11, 23.859

5.79e+10, 47400
1.082e+11, 35000
1.496e+11, 29.8
2.279e+11, 24.1

5.79e+10, 47874
1.082e+11, 35350
1.496e+11, 30.098
2.279e+11, 24.341

5.79e+10, 48348
1.082e+11, 35700
1.496e+11, 30.396
2.279e+11, 24.582

5.79e+10, 48822
1.082e+11, 36050
1.496e+11, 30.694
2.279e+11, 24.823

5.79e+10, 49296
1.082e+11, 36400
1.496e+11, 30.992
2.279e+11, 25.064

5.79e+10, 49770
1.082e+11, 36750
1.496e+11, 31.29
2.279e+11, 25.305

5.79e+10, 50244
1.082e+11, 37100
1.496e+11, 31.588
2.279e+11, 25.546

5.79e+10, 50718
1.082e+11, 37450
1.496e+11, 31.886
2.279e+11, 25.787

5.79e+10, 51192
1.082e+11, 37800
1.496e+11, 32.184
2.279e+11, 26.028

5.79e+10, 51666
1.082e+11, 38150
1.496e+11, 32.482
2.279e+11, 26.269

5.79e+10, 52140
1.082e+11, 38500
1.496e+11, 32.78
2.279e+11, 26.51

5.79e+10, 52614
1.082e+11, 38850
1.496e+11, 33.078
2.279e+11, 26.751

5.79e+10, 53088
1.082e+11, 39200
1.496e+11, 33.376
2.279e+11, 26.992

5.79e+10, 53562
1.082e+11, 39550
1.496e+11, 33.674
2.279e+11, 27.233

5.79e+10, 54036
1.082e+11, 39900
1.496e+11, 33.972
2.279e+11, 27.474

5.79e+10, 54510
1.082e+11, 40250
1.496e+11, 34.27
2.279e+11, 27.715

5.79e+10, 54984
1.082e+11, 40600
1.496e+11, 34.568
2.279e+11, 27.956

5.79e+10, 55458
1.082e+11, 40950
1.496e+11, 34.866
2.279e+11, 28.197

5.79e+10, 55932
1.082e+11, 41300
1.496e+11, 35.164
2.279e+11, 28.438

5.79e+10, 56406
1.082e+11, 41650
1.496e+11, 35.462
2.279e+11, 28.679

5.79e+10, 56880
1.082e+11, 42000
1.496e+11, 35.76
2.279e+11, 28.92

5.79e+10, 57354
1.082e+11, 42350
1.496e+11, 36.058
2.279e+11, 29.161

5.79e+10, 57828
1.082e+11, 42700
1.496e+11, 36.356
2.279e+11, 29.402

5.79e+10, 58302
1.082e+11, 43050
1.496e+11, 36.654
2.279e+11, 29.643

5.79e+10, 58776
1.082e+11, 43400
1.496e+11, 36.952
2.279e+11, 29.884

5.79e+10, 59250
1.082e+11, 43750
1.496e+11, 37.25
2.279e+11, 30.125

5.79e+10, 59724
1.082e+11, 44100
1.496e+11, 37.548
2.279e+11, 30.366

5.79e+10, 60198
1.082e+11, 44450
1.496e+11, 37.846
2.279e+11, 30.607

5.79e+10, 60672
1.082e+11, 44800
1.496e+11, 38.144
2.279e+11, 30.848

5.79e+10, 61146
1.082e+11, 45150
1.496e+11, 38.442
2.279e+11, 31.089

5.79e+10, 61620
1.082e+11, 45500
1.496e+11, 38.74
2.279e+11, 31.33

5.79e+10, 62094
1.082e+11, 45850
1.496e+11, 39.038
2.279e+11, 31.571

5.79e+10, 62568
1.082e+11, 46200
1.496e+11, 39.336
2.279e+11, 31.812

5.79e+10, 63042
1.082e+11, 46550
1.496e+11, 39.634
2.279e+11, 32.053

5.79e+10, 63516
1.082e+11, 46900
1.496e+11, 39.932
2.279e+11, 32.294

5.79e+10, 63990
1.082e+11, 47250
1.496e+11, 40.23
2.279e+11, 32.535

5.79e+10, 64464
1.082e+11, 47600
1.496e+11, 40.528
2.279e+11, 32.776

5.79e+10, 64938
1.082e+11, 47950
1.496e+11, 40.826
2.279e+11, 33.017

5.79e+10, 65412
1.082e+11, 48300
1.496e+11, 41.124
2.279e+11, 33.258

5.79e+10, 65886
1.082e+11, 48650
1.496e+11, 41.422
2.279e+11, 33.499

5.79e+10, 66360
1.082e+11, 49000
1.496e+11, 41.72
2.279e+11, 33.74

5.79e+10, 66834
1.082e+11, 49350
1.496e+11, 42.018
2.279e+11, 33.981

5.79e+10, 67308
1.082e+11, 49700
1.496e+11, 42.316
2.279e+11, 34.222

5.79e+10, 67782
1.082e+11, 50050
1.496e+11, 42.614
2.279e+11, 34.463

5.79e+10, 68256
1.082e+11, 50400
1.496e+11, 42.912
2.279e+11, 34.704

5.79e+10, 68730
1.082e+11, 50750
1.496e+11, 43.21
2.279e+11, 34.945

5.79e+10, 69204
1.082e+11, 51100
1.496e+11, 43.508
2.279e+11, 35.186

5.79e+10, 69678
1.082e+11, 51450
1.496e+11, 43.806
2.279e+11, 35.427

5.79e+10, 70152
1.082e+11, 51800
1.496e+11, 44.104
2.279e+11, 35.668

5.79e+10, 70626
1.082e+11, 52150
1.496e+11, 44.402
2.279e+11, 35.909

5.79e+10, 71100
1.082e+11, 52500
1.496e+11, 44.7
2.279e+11, 36.15

5.79e+10, 71574
1.082e+11, 52850
1.496e+11, 44.998
2.279e+11, 36.391

5.79e+10, 72048
1.082e+11, 53200
1.496e+11, 45.296
2.279e+11, 36.632

5.79e+10, 72522
1.082e+11, 53550
1.496e+11, 45.594
2.279e+11, 36.873

5.79e+10, 72996
1.082e+11, 53900
1.496e+11, 45.892
2.279e+11, 37.114

5.79e+10, 73470
1.082e+11, 54250
1.496e+11, 46.19
2.279e+11, 37.355

5.79e+10, 73944
1.082e+11, 54600
1.496e+11, 46.488
2.279e+11, 37.596

5.79e+10, 74418
1.082e+11, 54950
1.496e+11, 46.786
2.279e+11, 37.837

5.79e+10, 74892
1.082e+11, 55300
1.496e+11, 47.084
2.279e+11, 38.078

5.79e+10, 75366
1.082e+11, 55650
1.496e+11, 47.382
2.279e+11, 38.319

5.79e+10, 75840
1.082e+11, 56000
1.496e+11, 47.68
2.279e+11, 38.56

5.79e+10, 76314
1.082e+11, 56350
1.496e+11, 47.978
2.279e+11, 38.801

5.79e+10, 76788
1.082e+11, 56700
1.496e+11, 48.276
2.279e+11, 39.042

5.79e+10, 77262
1.082e+11, 57050
1.496e+11, 48.574
2.279e+11, 39.283

5.79e+10, 77736
1.082e+11, 57400
1.496e+11, 48.872
2.279e+11, 39.524

5.79e+10, 78210
1.082e+11, 57750
1.496e+11, 49.17
2.279e+11, 39.765

5.79e+10, 78684
1.082e+11, 58100
1.496e+11, 49.468
2.279e+11, 40.006

5.79e+10, 79158
1.082e+11, 58450
1.496e+11, 49.766
2.279e+11, 40.247

5.79e+10, 79632
1.082e+11, 58800
1.496e+11, 50.064
2.279e+11, 40.488

5.79e+10, 80106
1.082e+11, 59150
1.496e+11, 50.362
2.279e+11, 40.729

5.79e+10, 80580
1.082e+11, 59500
1.496e+11, 50.66
2.279e+11, 40.97

5.79e+10, 81054
1.082e+11, 59850
1.496e+11, 50.958
2.279e+11, 41.211

5.79e+10, 81528
1.082e+11, 60200
1.496e+11, 51.256
2.279e+11, 41.452

5.79e+10, 82002
1.082e+11, 60550
1.496e+11, 51.554
2.279e+11, 41.693

5.79e+10, 82476
1.082e+11, 60900
1.496e+11, 51.852
2.279e+11, 41.934

5.79e+10, 82950
1.082e+11, 61250
1.496e+11, 52.15
2.279e+11, 42.175

5.79e+10, 83424
1.082e+11, 61600
1.496e+11, 52.448
2.279e+11, 42.416

5.79e+10, 83898
1.082e+11, 61950
1.496e+11, 52.746
2.279e+11, 42.657

5.79e+10, 84372
1.082e+11, 62300
1.496e+11, 53.044
2.279e+11, 42.898

5.79e+10, 84846
1.082e+11, 62650
1.496e+11, 53.342
2.279e+11, 43.139

5.79e+10, 85320
1.082e+11, 63000
1.496e+11, 53.64
2.279e+11, 43.38

5.79e+10, 85794
1.082e+11, 63350
1.496e+11, 53.938
2.279e+11, 43.621

5.79e+10, 86268
1.082e+11, 63700
1.496e+11, 54.236
2.279e+11, 43.862

5.79e+10, 86742
1.082e+11, 64050
1.496e+11, 54.534
2.279e+11, 44.103

5.79e+10, 87216
1.082e+11, 64400
1.496e+11, 54.832
2.279e+11, 44.344

5.79e+10, 87690
1.082e+11, 64750
1.496e+11, 55.13
2.279e+11, 44.585

5.79e+10, 88164
1.082e+11, 65100
1.496e+11, 55.428
2.279e+11, 44.826

5.79e+10, 88638
1.082e+11, 65450
1.496e+11, 55.726
2.279e+11, 45.067

5.79e+10, 89112
1.082e+11, 65800
1.496e+11, 56.024
2.279e+11, 45.308

5.79e+10, 89586
1.082e+11, 66150
1.496e+11, 56.322
2.279e+11, 45.549

5.79e+10, 90060
1.082e+11, 66500
1.496e+11, 56.62
2.279e+11, 45.79

5.79e+10, 90534
1.082e+11, 66850
1.496e+11, 56.918
2.279e+11, 46.031

5.79e+10, 91008
1.082e+11, 67200
1.496e+11, 57.216
2.279e+11, 46.272

5.79e+10, 91482
1.082e+11, 67550
1.496e+11, 57.514
2.279e+11, 46.513

5.79e+10, 91956
1.082e+11, 67900
1.496e+11, 57.812
2.279e+11, 46.754

5.79e+10, 92430
1.082e+11, 68250
1.496e+11, 58.11
2.279e+11, 46.995

5.79e+10, 92904
1.082e+11, 68600
1.496e+11, 58.408
2.279e+11, 47.236

5.79e+10, 93378
1.082e+11, 68950
1.496e+11, 58.706
2.279e+11, 47.477

5.79e+10, 93852
1.082e+11, 69300
1.496e+11, 59.004
2.279e+11, 47.718

5.79e+10, 94326
1.082e+11, 69650
1.496e+11, 59.302
2.279e+11, 47.959

5.79e+10, 94800
1.082e+11, 70000
1.496e+11, 59.6
2.279e+11, 48.2

5.79e+10, 95274
1.082e+11, 70350
1.496e+11, 59.898
2.279e+11, 48.441

5.79e+10, 95748
1.082e+11, 70700
1.496e+11, 60.196
2.279e+11, 48.682

5.79e+10, 96222
1.082e+11, 71050
1.496e+11, 60.494
2.279e+11, 48.923

5.79e+10, 96696
1.082e+11, 71400
1.496e+11, 60.792
2.279e+11, 49.164

5.79e+10, 97170
1.082e+11, 71750
1.496e+11, 61.09
2.279e+11, 49.405

5.79e+10, 97644
1.082e+11, 72100
1.496e+11, 61.388
2.279e+11, 49.646

5.79e+10, 98118
1.082e+11, 72450
1.496e+11, 61.686
2.279e+11, 49.887

5.79e+10, 98592
1.082e+11, 72800
1.496e+11, 61.984
2.279e+11, 50.128

5.79e+10, 99066
1.082e+11, 73150
1.496e+11, 62.282
2.279e+11, 50.369

5.79e+10, 99540
1.082e+11, 73500
1.496e+11, 62.58
2.279e+11, 50.61

5.79e+10, 100014
1.082e+11, 73850
1.496e+11, 62.878
2.279e+11, 50.851

5.79e+10, 100488
1.082e+11, 74200
1.496e+11, 63.176
2.279e+11, 51.092

5.79e+10, 100962
1.082e+11, 74550
1.496e+11, 63.474
2.279e+11, 51.333

5.79e+10, 101436
1.082e+11, 74900
1.496e+11, 63.772
2.279e+11, 51.574

5.79e+10, 101910
1.082e+11, 75250
1.496e+11, 64.07
2.279e+11, 51.815

5.79e+10, 102384
1.082e+11, 75600
1.496e+11, 64.368
2.279e+11, 52.056

5.79e+10, 102858
1.082e+11, 75950
1.496e+11, 64.666
2.279e+11, 52.297

5.79e+10, 103332
1.082e+11, 76300
1.496e+11, 64.964
2.279e+11, 52.538

5.79e+10, 103806
1.082e+11, 76650
1.496e+11, 65.262
2.279e+11, 52.779

5.79e+10, 104280
1.082e+11, 77000
1.496e+11, 65.56
2.279e+11, 53.02

5.79e+10, 104754
1.082e+11, 77350
1.496e+11, 65.858
2.279e+11, 53.261

5.79e+10, 105228
1.082e+11, 77700
1.496e+11, 66.156
2.279e+11, 53.502

5.79e+10, 105702
1.082e+11, 78050
1.496e+11, 66.454
2.279e+11, 53.743

5.79e+10, 106176
1.082e+11, 78400
1.496e+11, 66.752
2.279e+11, 53.984

5.79e+10, 106650
1.082e+11, 78750
1.496e+11, 67.05
2.279e+11, 54.225

5.79e+10, 107124
1.082e+11, 79100
1.496e+11, 67.348
2.279e+11, 54.466

5.79e+10, 107598
1.082e+11, 79450
1.496e+11, 67.646
2.279e+11, 54.707

5.79e+10, 108072
1.082e+11, 79800
1.496e+11, 67.944
2.279e+11, 54.948

5.79e+10, 108546
1.082e+11, 80150
1.496e+11, 68.242
2.279e+11, 55.189

5.79e+10, 109020
1.082e+11, 80500
1.496e+11, 68.54
2.279e+11, 55.43

5.79e+10, 109494
1.082e+11, 80850
1.496e+11, 68.838
2.279e+11, 55.671

5.79e+10, 109968
1.082e+11, 81200
1.496e+11, 69.136
2.279e+11, 55.912

5.79e+10, 110442
1.082e+11, 81550
1.496e+11, 69.434
2.279e+11, 56.153

5.79e+10, 110916
1.082e+11, 81900
1.496e+11, 69.732
2.279e+11, 56.394

5.79e+10, 111390
1.082e+11, 82250
1.496e+11, 70.03
2.279e+11, 56.635

5.79e+10, 111864
1.082e+11, 82600
1.496e+11, 70.328
2.279e+11, 56.876

5.79e+10, 112338
1.082e+11, 82950
1.496e+11, 70.626
2.279e+11, 57.117

5.79e+10, 112812
1.082e+11, 83300
1.496e+11, 70.924
2.279e+11, 57.358

5.79e+10, 113286
1.082e+11, 83650
1.496e+11, 71.222
2.279e+11, 57.599

5.79e+10, 113760
1.082e+11, 84000
1.496e+11, 71.52
2.279e+11, 57.84

5.79e+10, 114234
1.082e+11, 84350
1.496e+11, 71.818
2.279e+11, 58.081

5.79e+10, 114708
1.082e+11, 84700
1.496e+11, 72.116
2.279e+11, 58.322

5.79e+10, 115182
1.082e+11, 85050
1.496e+11, 72.414
2.279e+11, 58.563

5.79e+10, 115656
1.082e+11, 85400
1.496e+11, 72.712
2.279e+11, 58.804

5.79e+10, 116130
1.082e+11, 85750
1.496e+11, 73.01
2.279e+11, 59.045

5.79e+10, 116604
1.082e+11, 86100
1.496e+11, 73.308
2.279e+11, 59.286

5.79e+10, 117078
1.082e+11, 86450
1.496e+11, 73.606
2.279e+11, 59.527

5.79e+10, 117552
1.082e+11, 86800
1.496e+11, 73.904
2.279e+11, 59.768

5.79e+10, 118026
1.082e+11, 87150
1.496e+11, 74.202
2.279e+11, 60.009

5.79e+10, 118500
1.082e+11, 87500
1.496e+11, 74.5
2.279e+11, 60.25

5.79e+10, 118974
1.082e+11, 87850
1.496e+11, 74.798
2.279e+11, 60.491

5.79e+10, 119448
1.082e+11, 88200
1.496e+11, 75.096
2.279e+11, 60.732

5.79e+10, 119922
1.082e+11, 88550
1.496e+11, 75.394
2.279e+11, 60.973

5.79e+10, 120396
1.082e+11, 88900
1.496e+11, 75.692
2.279e+11, 61.214

5.79e+10, 120870
1.082e+11, 89250
1.496e+11, 75.99
2.279e+11, 61.455

5.79e+10, 121344
1.082e+11, 89600
1.496e+11, 76.288
2.279e+11, 61.696

5.79e+10, 121818
1.082e+11, 89950
1.496e+11, 76.586
2.279e+11, 61.937

5.79e+10, 122292
1.082e+11, 90300
1.496e+11, 76.884
2.279e+11, 62.178

5.79e+10, 122766
1.082e+11, 90650
1.496e+11, 77.182
2.279e+11, 62.419

5.79e+10, 123240
1.082e+11, 91000
1.496e+11, 77.48
2.279e+11, 62.66

5.79e+10, 123714
1.082e+11, 91350
1.496e+11, 77.778
2.279e+11, 62.901

5.79e+10, 124188
1.082e+11, 91700
1.496e+11, 78.076
2.279e+11, 63.142

5.79e+10, 124662
1.082e+11, 92050
1.496e+11, 78.374
2.279e+11, 63.383

5.79e+10, 125136
1.082e+11, 92400
1.496e+11, 78.672
2.279e+11, 63.624

5.79e+10, 125610
1.082e+11, 92750
1.496e+11, 78.97
2.279e+11, 63.865

5.79e+10, 126084
1.082e+11, 93100
1.496e+11, 79.268
2.279e+11, 64.106

5.79e+10, 126558
1.082e+11, 93450
1.496e+11, 79.566
2.279e+11, 64.347

5.79e+10, 127032
1.082e+11, 93800
1.496e+11, 79.864
2.279e+11, 64.588

5.79e+10, 127506
1.082e+11, 94150
1.496e+11, 80.162
2.279e+11, 64.829

5.79e+10, 127980
1.082e+11, 94500
1.496e+11, 80.46
2.279e+11, 65.07

5.79e+10, 128454
1.082e+11, 94850
1.496e+11, 80.758
2.279e+11, 65.311

5.79e+10, 128928
1.082e+11, 95200
1.496e+11, 81.056
2.279e+11, 65.552

5.79e+10, 129402
1.082e+11, 95550
1.496e+11, 81.354
2.279e+11, 65.793

5.79e+10, 129876
1.082e+11, 95900
1.496e+11, 81.652
2.279e+11, 66.034

5.79e+10, 130350
1.082e+11, 96250
1.496e+11, 81.95
2.279e+11, 66.275

5.79e+10, 130824
1.082e+11, 96600
1.496e+11, 82.248
2.279e+11, 66.516

5.79e+10, 131298
1.082e+11, 96950
1.496e+11, 82.546
2.279e+11, 66.757

5.79e+10, 131772
1.082e+11, 97300
1.496e+11, 82.844
2.279e+11, 66.998

5.79e+10, 132246
1.082e+11, 97650
1.496e+11, 83.142
2.279e+11, 67.239

5.79e+10, 132720
1.082e+11, 98000
1.496e+11, 83.44
2.279e+11, 67.48

5.79e+10, 133194
1.082e+11, 98350
1.496e+11, 83.738
2.279e+11, 67.721

5.79e+10, 133668
1.082e+11, 98700
1.496e+11, 84.036
2.279e+11, 67.962

5.79e+10, 134142
1.082e+11, 99050
1.496e+11, 84.334
2.279e+11, 68.203

5.79e+10, 134616
1.082e+11, 99400
1.496e+11, 84.632
2.279e+11, 68.444

5.79e+10, 135090
1.082e+11, 99750
1.496e+11, 84.93
2.279e+11, 68.685

5.79e+10, 135564
1.082e+11, 100100
1.496e+11, 85.228
2.279e+11, 68.926

5.79e+10, 136038
1.082e+11, 100450
1.496e+11, 85.526
2.279e+11, 69.167

5.79e+10, 136512
1.082e+11, 100800
1.496e+11, 85.824
2.279e+11, 69.408

5.79e+10, 136986
1.082e+11, 101150
1.496e+11, 86.122
2.279e+11, 69.649

5.79e+10, 137460
1.082e+11, 101500
1.496e+11, 86.42
2.279e+11, 69.89

5.79e+10, 137934
1.082e+11, 101850
1.496e+11, 86.718
2.279e+11, 70.131

5.79e+10, 138408
1.082e+11, 102200
1.496e+11, 87.016
2.279e+11, 70.372

5.79e+10, 138882
1.082e+11, 102550
1.496e+11, 87.314
2.279e+11, 70.613

5.79e+10, 139356
1.082e+11, 102900
1.496e+11, 87.612
2.279e+11, 70.854

5.79e+10, 139830
1.082e+11, 103250
1.496e+11, 87.91
2.279e+11, 71.095

5.79e+10, 140304
1.082e+11, 103600
1.496e+11, 88.208
2.279e+11, 71.336

5.79e+10, 140778
1.082e+11, 103950
1.496e+11, 88.506
2.279e+11, 71.577

5.79e+10, 141252
1.082e+11, 104300
1.496e+11, 88.804
2.279e+11, 71.818

5.79e+10, 141726
1.082e+11, 104650
1.496e+11, 89.102
2.279e+11, 72.059

5.79e+10, 142200
1.082e+11, 105000
1.496e+11, 89.4
2.279e+11, 72.3

5.79e+10, 142674
1.082e+11, 105350
1.496e+11, 89.698
2.279e+11, 72.541

5.79e+10, 143148
1.082e+11, 105700
1.496e+11, 89.996
2.279e+11, 72.782

5.79e+10, 143622
1.082e+11, 106050
1.496e+11, 90.294
2.279e+11, 73.023

5.79e+10, 144096
1.082e+11, 106400
1.496e+11, 90.592
2.279e+11, 73.264

5.79e+10, 144570
1.082e+11, 106750
1.496e+11, 90.89
2.279e+11, 73.505

5.79e+10, 145044
1.082e+11, 107100
1.496e+11, 91.188
2.279e+11, 73.746

5.79e+10, 145518
1.082e+11, 107450
1.496e+11, 91.486
2.279e+11, 73.987

5.79e+10, 145992
1.082e+11, 107800
1.496e+11, 91.784
2.279e+11, 74.228

5.79e+10, 146466
1.082e+11, 108150
1.496e+11, 92.082
2.279e+11, 74.469

5.79e+10, 146940
1.082e+11, 108500
1.496e+11, 92.38
2.279e+11, 74.71

5.79e+10, 147414
1.082e+11, 108850
1.496e+11, 92.678
2.279e+11, 74.951

5.79e+10, 147888
1.082e+11, 109200
1.496e+11, 92.976
2.279e+11, 75.192

5.79e+10, 148362
1.082e+11, 109550
1.496e+11, 93.274
2.279e+11, 75.433

5.79e+10, 148836
1.082e+11, 109900
1.496e+11, 93.572
2.279e+11, 75.674

5.79e+10, 149310
1.082e+11, 110250
1.496e+11, 93.87
2.279e+11, 75.915

5.79e+10, 149784
1.082e+11, 110600
1.496e+11, 94.168
2.279e+11, 76.156

5.79e+10, 150258
1.082e+11, 110950
1.496e+11, 94.466
2.279e+11, 76.397

5.79e+10, 150732
1.082e+11, 111300
1.496e+11, 94.764
2.279e+11, 76.638

5.79e+10, 151206
1.082e+11, 111650
1.496e+11, 95.062
2.279e+11, 76.879

5.79e+10, 151680
1.082e+11, 112000
1.496e+11, 95.36
2.279e+11, 77.12

5.79e+10, 152154
1.082e+11, 112350
1.496e+11, 95.658
2.279e+11, 77.361

5.79e+10, 152628
1.082e+11, 112700
1.496e+11, 95.956
2.279e+11, 77.602

5.79e+10, 153102
1.082e+11, 113050
1.496e+11, 96.254
2.279e+11, 77.843

5.79e+10, 153576
1.082e+11, 113400
1.496e+11, 96.552
2.279e+11, 78.084

5.79e+10, 154050
1.082e+11, 113750
1.496e+11, 96.85
2.279e+11, 78.325

5.79e+10, 154524
1.082e+11, 114100
1.496e+11, 97.148
2.279e+11, 78.566

5.79e+10, 154998
1.082e+11, 114450
1.496e+11, 97.446
2.279e+11, 78.807

5.79e+10, 155472
1.082e+11, 114800
1.496e+11, 97.744
2.279e+11, 79.048

5.79e+10, 155946
1.082e+11, 115150
1.496e+11, 98.042
2.279e+11, 79.289

5.79e+10, 156420
1.082e+11, 115500
1.496e+11, 98.34
2.279e+11, 79.53

5.79e+10, 156894
1.082e+11, 115850
1.496e+11, 98.638
2.279e+11, 79.771

5.79e+10, 157368
1.082e+11, 116200
1.496e+11, 98.936
2.279e+11, 80.012

5.79e+10, 157842
1.082e+11, 116550
1.496e+11, 99.234
2.279e+11, 80.253

5.79e+10, 158316
1.082e+11, 116900
1.496e+11, 99.532
2.279e+11, 80.494

5.79e+10, 158790
1.082e+11, 117250
1.496e+11, 99.83
2.279e+11, 80.735

5.79e+10, 159264
1.082e+11, 117600
1.496e+11, 100.128
2.279e+11, 80.976

5.79e+10, 159738
1.082e+11, 117950
1.496e+11, 100.426
2.279e+11, 81.217

5.79e+10, 160212
1.082e+11, 118300
1.496e+11, 100.724
2.279e+11, 81.458

5.79e+10, 160686
1.082e+11, 118650
1.496e+11, 101.022
2.279e+11, 81.699

5.79e+10, 161160
1.082e+11, 119000
1.496e+11, 101.32
2.279e+11, 81.94

5.79e+10, 161634
1.082e+11, 119350
1.496e+11, 101.618
2.279e+11, 82.181

5.79e+10, 162108
1.082e+11, 119700
1.496e+11, 101.916
2.279e+11, 82.422

5.79e+10, 162582
1.082e+11, 120050
1.496e+11, 102.214
2.279e+11, 82.663

5.79e+10, 163056
1.082e+11, 120400
1.496e+11, 102.512
2.279e+11, 82.904

5.79e+10, 163530
1.082e+11, 120750
1.496e+11, 102.81
2.279e+11, 83.145

5.79e+10, 164004
1.082e+11, 121100
1.496e+11, 103.108
2.279e+11, 83.386

5.79e+10, 164478
1.082e+11, 121450
1.496e+11, 103.406
2.279e+11, 83.627

5.79e+10, 164952
1.082e+11, 121800
1.496e+11, 103.704
2.279e+11, 83.868

5.79e+10, 165426
1.082e+11, 122150
1.496e+11, 104.002
2.279e+11, 84.109

5.79e+10, 165900
1.082e+11, 122500
1.496e+11, 104.3
2.279e+11, 84.35

5.79e+10, 166374
1.082e+11, 122850
1.496e+11, 104.598
2.279e+11, 84.591

5.79e+10, 166848
1.082e+11, 123200
1.496e+11, 104.896
2.279e+11, 84.832

5.79e+10, 167322
1.082e+11, 123550
1.496e+11, 105.194
2.279e+11, 85.073

5.79e+10, 167796
1.082e+11, 123900
1.496e+11, 105.492
2.279e+11, 85.314

5.79e+10, 168270
1.082e+11, 124250
1.496e+11, 105.79
2.279e+11, 85.555

5.79e+10, 168744
1.082e+11, 124600
1.496e+11, 106.088
2.279e+11, 85.796

5.79e+10, 169218
1.082e+11, 124950
1.496e+11, 106.386
2.279e+11, 86.037

5.79e+10, 169692
1.082e+11, 125300
1.496e+11, 106.684
2.279e+11, 86.278

5.79e+10, 170166
1.082e+11, 125650
1.496e+11, 106.982
2.279e+11, 86.519

5.79e+10, 170640
1.082e+11, 126000
1.496e+11, 107.28
2.279e+11, 86.76

5.79e+10, 171114
1.082e+11, 126350
1.496e+11, 107.578
2.279e+11, 87.001

5.79e+10, 171588
1.082e+11, 126700
1.496e+11, 107.876
2.279e+11, 87.242

5.79e+10, 172062
1.082e+11, 127050
1.496e+11, 108.174
2.279e+11, 87.483

5.79e+10, 172536
1.082e+11, 127400
1.496e+11, 108.472
2.279e+11, 87.724

5.79e+10, 173010
1.082e+11, 127750
1.496e+11, 108.77
2.279e+11, 87.965

5.79e+10, 173484
1.082e+11, 128100
1.496e+11, 109.068
2.279e+11, 88.206

5.79e+10, 173958
1.082e+11, 128450
1.496e+11, 109.366
2.279e+11, 88.447

5.79e+10, 174432
1.082e+11, 128800
1.496e+11, 109.664
2.279e+11, 88.688

5.79e+10, 174906
1.082e+11, 129150
1.496e+11, 109.962
2.279e+11, 88.929

5.79e+10, 175380
1.082e+11, 129500
1.496e+11, 110.26
2.279e+11, 89.17

5.79e+10, 175854
1.082e+11, 129850
1.496e+11, 110.558
2.279e+11, 89.411

5.79e+10, 176328
1.082e+11, 130200
1.496e+11, 110.856
2.279e+11, 89.652

5.79e+10, 176802
1.082e+11, 130550
1.496e+11, 111.154
2.279e+11, 89.893

5.79e+10, 177276
1.082e+11, 130900
1.496e+11, 111.452
2.279e+11, 90.134

5.79e+10, 177750
1.082e+11, 131250
1.496e+11, 111.75
2.279e+11, 90.375

5.79e+10, 178224
1.082e+11, 131600
1.496e+11, 112.048
2.279e+11, 90.616

5.79e+10, 178698
1.082e+11, 131950
1.496e+11, 112.346
2.279e+11, 90.857

5.79e+10, 179172
1.082e+11, 132300
1.496e+11, 112.644
2.279e+11, 91.098

5.79e+10, 179646
1.082e+11, 132650
1.496e+11, 112.942
2.279e+11, 91.339

5.79e+10, 180120
1.082e+11, 133000
1.496e+11, 113.24
2.279e+11, 91.58

5.79e+10, 180594
1.082e+11, 133350
1.496e+11, 113.538
2.279e+11, 91.821

5.79e+10, 181068
1.082e+11, 133700
1.496e+11, 113.836
2.279e+11, 92.062

5.79e+10, 181542
1.082e+11, 134050
1.496e+11, 114.134
2.279e+11, 92.303

5.79e+10, 182016
1.082e+11, 134400
1.496e+11, 114.432
2.279e+11, 92.544

5.79e+10, 182490
1.082e+11, 134750
1.496e+11, 114.73
2.279e+11, 92.785

5.79e+10, 182964
1.082e+11, 135100
1.496e+11, 115.028
2.279e+11, 93.026

5.79e+10, 183438
1.082e+11, 135450
1.496e+11, 115.326
2.279e+11, 93.267

5.79e+10, 183912
1.082e+11, 135800
1.496e+11, 115.624
2.279e+11, 93.508

5.79e+10, 184386
1.082e+11, 136150
1.496e+11, 115.922
2.279e+11, 93.749

5.79e+10, 184860
1.082e+11, 136500
1.496e+11, 116.22
2.279e+11, 93.99

5.79e+10, 185334
1.082e+11, 136850
1.496e+11, 116.518
2.279e+11, 94.231

5.79e+10, 185808
1.082e+11, 137200
1.496e+11, 116.816
2.279e+11, 94.472

5.79e+10, 186282
1.082e+11, 137550
1.496e+11, 117.114
2.279e+11, 94.713

5.79e+10, 186756
1.082e+11, 137900
1.496e+11, 117.412
2.279e+11, 94.954

5.79e+10, 187230
1.082e+11, 138250
1.496e+11, 117.71
2.279e+11, 95.195

5.79e+10, 187704
1.082e+11, 138600
1.496e+11, 118.008
2.279e+11, 95.436

5.79e+10, 188178
1.082e+11, 138950
1.496e+11, 118.306
2.279e+11, 95.677

5.79e+10, 188652
1.082e+11, 139300
1.496e+11, 118.604
2.279e+11, 95.918

5.79e+10, 189126
1.082e+11, 139650
1.496e+11, 118.902
2.279e+11, 96.159

5.79e+10, 189600
1.082e+11, 140000
1.496e+11, 119.2
2.279e+11, 96.4

5.79e+10, 190074
1.082e+11, 140350
1.496e+11, 119.498
2.279e+11, 96.641

5.79e+10, 190548
1.082e+11, 140700
1.496e+11, 119.796
2.279e+11, 96.882

5.79e+10, 191022
1.082e+11, 141050
1.496e+11, 120.094
2.279e+11, 97.123

5.79e+10, 191496
1.082e+11, 141400
1.496e+11, 120.392
2.279e+11, 97.364

5.79e+10, 191970
1.082e+11, 141750
1.496e+11, 120.69
2.279e+11, 97.605

5.79e+10, 192444
1.082e+11, 142100
1.496e+11, 120.988
2.279e+11, 97.846

5.79e+10, 192918
1.082e+11, 142450
1.496e+11, 121.286
2.279e+11, 98.087

5.79e+10, 193392
1.082e+11, 142800
1.496e+11, 121.584
2.279e+11, 98.328

5.79e+10, 193866
1.082e+11, 143150
1.496e+11, 121.882
2.279e+11, 98.569

5.79e+10, 194340
1.082e+11, 143500
1.496e+11, 122.18
2.279e+11, 98.81

5.79e+10, 194814
1.082e+11, 143850
1.496e+11, 122.478
2.279e+11, 99.051

5.79e+10, 195288
1.082e+11, 144200
1.496e+11, 122.776
2.279e+11, 99.292

5.79e+10, 195762
1.082e+11, 144550
1.496e+11, 123.074
2.279e+11, 99.533

5.79e+10, 196236
1.082e+11, 144900
1.496e+11, 123.372
2.279e+11, 99.774

5.79e+10, 196710
1.082e+11, 145250
1.496e+11, 123.67
2.279e+11, 100.015

5.79e+10, 197184
1.082e+11, 145600
1.496e+11, 123.968
2.279e+11, 100.256

5.79e+10, 197658
1.082e+11, 145950
1.496e+11, 124.266
2.279e+11, 100.497

5.79e+10, 198132
1.082e+11, 146300
1.496e+11, 124.564
2.279e+11, 100.738

5.79e+10, 198606
1.082e+11, 146650
1.496e+11, 124.862
2.279e+11, 100.979

5.79e+10, 199080
1.082e+11, 147000
1.496e+11, 125.16
2.279e+11, 101.22

5.79e+10, 199554
1.082e+11, 147350
1.496e+11, 125.458
2.279e+11, 101.461

5.79e+10, 200028
1.082e+11, 147700
1.496e+11, 125.756
2.279e+11, 101.702

5.79e+10, 200502
1.082e+11, 148050
1.496e+11, 126.054
2.279e+11, 101.943

5.79e+10, 200976
1.082e+11, 148400
1.496e+11, 126.352
2.279e+11, 102.184

5.79e+10, 201450
1.082e+11, 148750
1.496e+11, 126.65
2.279e+11, 102.425

5.79e+10, 201924
1.082e+11, 149100
1.496e+11, 126.948
2.279e+11, 102.666

5.79e+10, 202398
1.082e+11, 149450
1.496e+11, 127.246
2.279e+11, 102.907

5.79e+10, 202872
1.082e+11, 149800
1.496e+11, 127.544
2.279e+11, 103.148

5.79e+10, 203346
1.082e+11, 150150
1.496e+11, 127.842
2.279e+11, 103.389

5.79e+10, 203820
1.082e+11, 150500
1.496e+11, 128.14
2.279e+11, 103.63

5.79e+10, 204294
1.082e+11, 150850
1.496e+11, 128.438
2.279e+11, 103.871

5.79e+10, 204768
1.082e+11, 151200
1.496e+11, 128.736
2.279e+11, 104.112

5.79e+10, 205242
1.082e+11, 151550
1.496e+11, 129.034
2.279e+11, 104.353

5.79e+10, 205716
1.082e+11, 151900
1.496e+11, 129.332
2.279e+11, 104.594

5.79e+10, 206190
1.082e+11, 152250
1.496e+11, 129.63
2.279e+11, 104.835

5.79e+10, 206664
1.082e+11, 152600
1.496e+11, 129.928
2.279e+11, 105.076

5.79e+10, 207138
1.082e+11, 152950
1.496e+11, 130.226
2.279e+11, 105.317

5.79e+10, 207612
1.082e+11, 153300
1.496e+11, 130.524
2.279e+11, 105.558

5.79e+10, 208086
1.082e+11, 153650
1.496e+11, 130.822
2.279e+11, 105.799

5.79e+10, 208560
1.082e+11, 154000
1.496e+11, 131.12
2.279e+11, 106.04

5.79e+10, 209034
1.082e+11, 154350
1.496e+11, 131.418
2.279e+11, 106.281

5.79e+10, 209508
1.082e+11, 154700
1.496e+11, 131.716
2.279e+11, 106.522

5.79e+10, 209982
1.082e+11, 155050
1.496e+11, 132.014
2.279e+11, 106.763

5.79e+10, 210456
1.082e+11, 155400
1.496e+11, 132.312
2.279e+11, 107.004

5.79e+10, 210930
1.082e+11, 155750
1.496e+11, 132.61
2.279e+11, 107.245

5.79e+10, 211404
1.082e+11, 156100
1.496e+11, 132.908
2.279e+11, 107.486

5.79e+10, 211878
1.082e+11, 156450
1.496e+11, 133.206
2.279e+11, 107.727

5.79e+10, 212352
1.082e+11, 156800
1.496e+11, 133.504
2.279e+11, 107.968

5.79e+10, 212826
1.082e+11, 157150
1.496e+11, 133.802
2.279e+11, 108.209

5.79e+10, 213300
1.082e+11, 157500
1.496e+11, 134.1
2.279e+11, 108.45

5.79e+10, 213774
1.082e+11, 157850
1.496e+11, 134.398
2.279e+11, 108.691

5.79e+10, 214248
1.082e+11, 158200
1.496e+11, 134.696
2.279e+11, 108.932

5.79e+10, 214722
1.082e+11, 158550
1.496e+11, 134.994
2.279e+11, 109.173

5.79e+10, 215196
1.082e+11, 158900
1.496e+11, 135.292
2.279e+11, 109.414

5.79e+10, 215670
1.082e+11, 159250
1.496e+11, 135.59
2.279e+11, 109.655

5.79e+10, 216144
1.082e+11, 159600
1.496e+11, 135.888
2.279e+11, 109.896

5.79e+10, 216618
1.082e+11, 159950
1.496e+11, 136.186
2.279e+11, 110.137

5.79e+10, 217092
1.082e+11, 160300
1.496e+11, 136.484
2.279e+11, 110.378

5.79e+10, 217566
1.082e+11, 160650
1.496e+11, 136.782
2.279e+11, 110.619

5.79e+10, 218040
1.082e+11, 161000
1.496e+11, 137.08
2.279e+11, 110.86

5.79e+10, 218514
1.082e+11, 161350
1.496e+11, 137.378
2.279e+11, 111.101

5.79e+10, 218988
1.082e+11, 161700
1.496e+11, 137.676
2.279e+11, 111.342

5.79e+10, 219462
1.082e+11, 162050
1.496e+11, 137.974
2.279e+11, 111.583

5.79e+10, 219936
1.082e+11, 162400
1.496e+11, 138.272
2.279e+11, 111.824

5.79e+10, 220410
1.082e+11, 162750
1.496e+11, 138.57
2.279e+11, 112.065

5.79e+10, 220884
1.082e+11, 163100
1.496e+11, 138.868
2.279e+11, 112.306

5.79e+10, 221358
1.082e+11, 163450
1.496e+11, 139.166
2.279e+11, 112.547

5.79e+10, 221832
1.082e+11, 163800
1.496e+11, 139.464
2.279e+11, 112.788

5.79e+10, 222306
1.082e+11, 164150
1.496e+11, 139.762
2.279e+11, 113.029

5.79e+10, 222780
1.082e+11, 164500
1.496e+11, 140.06
2.279e+11, 113.27

5.79e+10, 223254
1.082e+11, 164850
1.496e+11, 140.358
2.279e+11, 113.511

5.79e+10, 223728
1.082e+11, 165200
1.496e+11, 140.656
2.279e+11, 113.752

5.79e+10, 224202
1.082e+11, 165550
1.496e+11, 140.954
2.279e+11, 113.993

5.79e+10, 224676
1.082e+11, 165900
1.496e+11, 141.252
2.279e+11, 114.234

5.79e+10, 225150
1.082e+11, 166250
1.496e+11, 141.55
2.279e+11, 114.475

5.79e+10, 225624
1.082e+11, 166600
1.496e+11, 141.848
2.279e+11, 114.716

5.79e+10, 226098
1.082e+11, 166950
1.496e+11, 142.146
2.279e+11, 114.957

5.79e+10, 226572
1.082e+11, 167300
1.496e+11, 142.444
2.279e+11, 115.198

5.79e+10, 227046
1.082e+11, 167650
1.496e+11, 142.742
2.279e+11, 115.439

5.79e+10, 227520
1.082e+11, 168000
1.496e+11, 143.04
2.279e+11, 115.68

5.79e+10, 227994
1.082e+11, 168350
1.496e+11, 143.338
2.279e+11, 115.921

5.79e+10, 228468
1.082e+11, 168700
1.496e+11, 143.636
2.279e+11, 116.162

5.79e+10, 228942
1.082e+11, 169050
1.496e+11, 143.934
2.279e+11, 116.403

5.79e+10, 229416
1.082e+11, 169400
1.496e+11, 144.232
2.279e+11, 116.644

5.79e+10, 229890
1.082e+11, 169750
1.496e+11, 144.53
2.279e+11, 116.885

5.79e+10, 230364
1.082e+11, 170100
1.496e+11, 144.828
2.279e+11, 117.126

5.79e+10, 230838
1.082e+11, 170450
1.496e+11, 145.126
2.279e+11, 117.367

5.79e+10, 231312
1.082e+11, 170800
1.496e+11, 145.424
2.279e+11, 117.608

5.79e+10, 231786
1.082e+11, 171150
1.496e+11, 145.722
2.279e+11, 117.849

5.79e+10, 232260
1.082e+11, 171500
1.496e+11, 146.02
2.279e+11, 118.09

5.79e+10, 232734
1.082e+11, 171850
1.496e+11, 146.318
2.279e+11, 118.331

5.79e+10, 233208
1.082e+11, 172200
1.496e+11, 146.616
2.279e+11, 118.572

5.79e+10, 233682
1.082e+11, 172550
1.496e+11, 146.914
2.279e+11, 118.813

5.79e+10, 234156
1.082e+11, 172900
1.496e+11, 147.212
2.279e+11, 119.054

5.79e+10, 234630
1.082e+11, 173250
1.496e+11, 147.51
2.279e+11, 119.295

5.79e+10, 235104
1.082e+11, 173600
1.496e+11, 147.808
2.279e+11, 119.536

5.79e+10, 235578
1.082e+11, 173950
1.496e+11, 148.106
2.279e+11, 119.777

5.79e+10, 236052
1.082e+11, 174300
1.496e+11, 148.404
2.279e+11, 120.018

5.79e+10, 236526
1.082e+11, 174650
1.496e+11, 148.702
2.279e+11, 120.259

5.79e+10, 237000
1.082e+11, 175000
1.496e+11, 149
2.279e+11, 120.5

5.79e+10, 237474
1.082e+11, 175350
1.496e+11, 149.298
2.279e+11, 120.741

5.79e+10, 237948
1.082e+11, 175700
1.496e+11, 149.596
2.279e+11, 120.982

5.79e+10, 238422
1.082e+11, 176050
1.496e+11, 149.894
2.279e+11, 121.223

5.79e+10, 238896
1.082e+11, 176400
1.496e+11, 150.192
2.279e+11, 121.464

5.79e+10, 239370
1.082e+11, 176750
1.496e+11, 150.49
2.279e+11, 121.705

5.79e+10, 239844
1.082e+11, 177100
1.496e+11, 150.788
2.279e+11, 121.946

5.79e+10, 240318
1.082e+11, 177450
1.496e+11, 151.086
2.279e+11, 122.187

5.79e+10, 240792
1.082e+11, 177800
1.496e+11, 151.384
2.279e+11, 122.428

5.79e+10, 241266
1.082e+11, 178150
1.496e+11, 151.682
2.279e+11, 122.669

5.79e+10, 241740
1.082e+11, 178500
1.496e+11, 151.98
2.279e+11, 122.91

5.79e+10, 242214
1.082e+11, 178850
1.496e+11, 152.278
2.279e+11, 123.151

5.79e+10, 242688
1.082e+11, 179200
1.496e+11, 152.576
2.279e+11, 123.392

5.79e+10, 243162
1.082e+11, 179550
1.496e+11, 152.874
2.279e+11, 123.633

5.79e+10, 243636
1.082e+11, 179900
1.496e+11, 153.172
2.279e+11, 123.874

5.79e+10, 244110
1.082e+11, 180250
1.496e+11, 153.47
2.279e+11, 124.115

5.79e+10, 244584
1.082e+11, 180600
1.496e+11, 153.768
2.279e+11, 124.356

5.79e+10, 245058
1.082e+11, 180950
1.496e+11, 154.066
2.279e+11, 124.597

5.79e+10, 245532
1.082e+11, 181300
1.496e+11, 154.364
2.279e+11, 124.838

5.79e+10, 246006
1.082e+11, 181650
1.496e+11, 154.662
2.279e+11, 125.079

5.79e+10, 246480
1.082e+11, 182000
1.496e+11, 154.96
2.279e+11, 125.32

5.79e+10, 246954
1.082e+11, 182350
1.496e+11, 155.258
2.279e+11, 125.561

5.79e+10, 247428
1.082e+11, 182700
1.496e+11, 155.556
2.279e+11, 125.802

5.79e+10, 247902
1.082e+11, 183050
1.496e+11, 155.854
2.279e+11, 126.043

5.79e+10, 248376
1.082e+11, 183400
1.496e+11, 156.152
2.279e+11, 126.284

5.79e+10, 248850
1.082e+11, 183750
1.496e+11, 156.45
2.279e+11, 126.525

5.79e+10, 249324
1.082e+11, 184100
1.496e+11, 156.748
2.279e+11, 126.766

5.79e+10, 249798
1.082e+11, 184450
1.496e+11, 157.046
2.279e+11, 127.007

5.79e+10, 250272
1.082e+11, 184800
1.496e+11, 157.344
2.279e+11, 127.248

5.79e+10, 250746
1.082e+11, 185150
1.496e+11, 157.642
2.279e+11, 127.489

5.79e+10, 251220
1.082e+11, 185500
1.496e+11, 157.94
2.279e+11, 127.73

5.79e+10, 251694
1.082e+11, 185850
1.496e+11, 158.238
2.279e+11, 127.971

5.79e+10, 252168
1.082e+11, 186200
1.496e+11, 158.536
2.279e+11, 128.212

5.79e+10, 252642
1.082e+11, 186550
1.496e+11, 158.834
2.279e+11, 128.453

5.79e+10, 253116
1.082e+11, 186900
1.496e+11, 159.132
2.279e+11, 128.694

5.79e+10, 253590
1.082e+11, 187250
1.496e+11, 159.43
2.279e+11, 128.935

5.79e+10, 254064
1.082e+11, 187600
1.496e+11, 159.728
2.279e+11, 129.176

5.79e+10, 254538
1.082e+11, 187950
1.496e+11, 160.026
2.279e+11, 129.417

5.79e+10, 255012
1.082e+11, 188300
1.496e+11, 160.324
2.279e+11, 129.658

5.79e+10, 255486
1.082e+11, 188650
1.496e+11, 160.622
2.279e+11, 129.899

5.79e+10, 255960
1.082e+11, 189000
1.496e+11, 160.92
2.279e+11, 130.14

5.79e+10, 256434
1.082e+11, 189350
1.496e+11, 161.218
2.279e+11, 130.381

5.79e+10, 256908
1.082e+11, 189700
1.496e+11, 161.516
2.279e+11, 130.622

5.79e+10, 257382
1.082e+11, 190050
1.496e+11, 161.814
2.279e+11, 130.863

5.79e+10, 257856
1.082e+11, 190400
1.496e+11, 162.112
2.279e+11, 131.104

5.79e+10, 258330
1.082e+11, 190750
1.496e+11, 162.41
2.279e+11, 131.345

5.79e+10, 258804
1.082e+11, 191100
1.496e+11, 162.708
2.279e+11, 131.586

5.79e+10, 259278
1.082e+11, 191450
1.496e+11, 163.006
2.279e+11, 131.827

5.79e+10, 259752
1.082e+11, 191800
1.496e+11, 163.304
2.279e+11, 132.068

5.79e+10, 260226
1.082e+11, 192150
1.496e+11, 163.602
2.279e+11, 132.309

5.79e+10, 260700
1.082e+11, 192500
1.496e+11, 163.9
2.279e+11, 132.55

5.79e+10, 261174
1.082e+11, 192850
1.496e+11, 164.198
2.279e+11, 132.791

5.79e+10, 261648
1.082e+11, 193200
1.496e+11, 164.496
2.279e+11, 133.032

5.79e+10, 262122
1.082e+11, 193550
1.496e+11, 164.794
2.279e+11, 133.273

5.79e+10, 262596
1.082e+11, 193900
1.496e+11, 165.092
2.279e+11, 133.514

5.79e+10, 263070
1.082e+11, 194250
1.496e+11, 165.39
2.279e+11, 133.755

5.79e+10, 263544
1.082e+11, 194600
1.496e+11, 165.688
2.279e+11, 133.996

5.79e+10, 264018
1.082e+11, 194950
1.496e+11, 165.986
2.279e+11, 134.237

5.79e+10, 264492
1.082e+11, 195300
1.496e+11, 166.284
2.279e+11, 134.478

5.79e+10, 264966
1.082e+11, 195650
1.496e+11, 166.582
2.279e+11, 134.719

5.79e+10, 265440
1.082e+11, 196000
1.496e+11, 166.88
2.279e+11, 134.96

5.79e+10, 265914
1.082e+11, 196350
1.496e+11, 167.178
2.279e+11, 135.201

5.79e+10, 266388
1.082e+11, 196700
1.496e+11, 167.476
2.279e+11, 135.442

5.79e+10, 266862
1.082e+11, 197050
1.496e+11, 167.774
2.279e+11, 135.683

5.79e+10, 267336
1.082e+11, 197400
1.496e+11, 168.072
2.279e+11, 135.924

5.79e+10, 267810
1.082e+11, 197750
1.496e+11, 168.37
2.279e+11, 136.165

5.79e+10, 268284
1.082e+11, 198100
1.496e+11, 168.668
2.279e+11, 136.406

5.79e+10, 268758
1.082e+11, 198450
1.496e+11, 168.966
2.279e+11, 136.647

5.79e+10, 269232
1.082e+11, 198800
1.496e+11, 169.264
2.279e+11, 136.888

5.79e+10, 269706
1.082e+11, 199150
1.496e+11, 169.562
2.279e+11, 137.129

5.79e+10, 270180
1.082e+11, 199500
1.496e+11, 169.86
2.279e+11, 137.37

5.79e+10, 270654
1.082e+11, 199850
1.496e+11, 170.158
2.279e+11, 137.611

5.79e+10, 271128
1.082e+11, 200200
1.496e+11, 170.456
2.279e+11, 137.852

5.79e+10, 271602
1.082e+11, 200550
1.496e+11, 170.754
2.279e+11, 138.093

5.79e+10, 272076
1.082e+11, 200900
1.496e+11, 171.052
2.279e+11, 138.334

5.79e+10, 272550
1.082e+11, 201250
1.496e+11, 171.35
2.279e+11, 138.575

5.79e+10, 273024
1.082e+11, 201600
1.496e+11, 171.648
2.279e+11, 138.816

5.79e+10, 273498
1.082e+11, 201950
1.496e+11, 171.946
2.279e+11, 139.057

5.79e+10, 273972
1.082e+11, 202300
1.496e+11, 172.244
2.279e+11, 139.298

5.79e+10, 274446
1.082e+11, 202650
1.496e+11, 172.542
2.279e+11, 139.539

5.79e+10, 274920
1.082e+11, 203000
1.496e+11, 172.84
2.279e+11, 139.78

5.79e+10, 275394
1.082e+11, 203350
1.496e+11, 173.138
2.279e+11, 140.021

5.79e+10, 275868
1.082e+11, 203700
1.496e+11, 173.436
2.279e+11, 140.262

5.79e+10, 276342
1.082e+11, 204050
1.496e+11, 173.734
2.279e+11, 140.503

5.79e+10, 276816
1.082e+11, 204400
1.496e+11, 174.032
2.279e+11, 140.744

5.79e+10, 277290
1.082e+11, 204750
1.496e+11, 174.33
2.279e+11, 140.985

5.79e+10, 277764
1.082e+11, 205100
1.496e+11, 174.628
2.279e+11, 141.226

5.79e+10, 278238
1.082e+11, 205450
1.496e+11, 174.926
2.279e+11, 141.467

5.79e+10, 278712
1.082e+11, 205800
1.496e+11, 175.224
2.279e+11, 141.708

5.79e+10, 279186
1.082e+11, 206150
1.496e+11, 175.522
2.279e+11, 141.949

5.79e+10, 279660
1.082e+11, 206500
1.496e+11, 175.82
2.279e+11, 142.19

5.79e+10, 280134
1.082e+11, 206850
1.496e+11, 176.118
2.279e+11, 142.431

5.79e+10, 280608
1.082e+11, 207200
1.496e+11, 176.416
2.279e+11, 142.672

5.79e+10, 281082
1.082e+11, 207550
1.496e+11, 176.714
2.279e+11, 142.913

5.79e+10, 281556
1.082e+11, 207900
1.496e+11, 177.012
2.279e+11, 143.154

5.79e+10, 282030
1.082e+11, 208250
1.496e+11, 177.31
2.279e+11, 143.395

5.79e+10, 282504
1.082e+11, 208600
1.496e+11, 177.608
2.279e+11, 143.636

5.79e+10, 282978
1.082e+11, 208950
1.496e+11, 177.906
2.279e+11, 143.877

5.79e+10, 283452
1.082e+11, 209300
1.496e+11, 178.204
2.279e+11, 144.118

5.79e+10, 283926
1.082e+11, 209650
1.496e+11, 178.502
2.279e+11, 144.359

5.79e+10, 284400
1.082e+11, 210000
1.496e+11, 178.8
2.279e+11, 144.6

5.79e+10, 284874
1.082e+11, 210350
1.496e+11, 179.098
2.279e+11, 144.841

5.79e+10, 285348
1.082e+11, 210700
1.496e+11, 179.396
2.279e+11, 145.082

5.79e+10, 285822
1.082e+11, 211050
1.496e+11, 179.694
2.279e+11, 145.323

5.79e+10, 286296
1.082e+11, 211400
1.496e+11, 179.992
2.279e+11, 145.564

5.79e+10, 286770
1.082e+11, 211750
1.496e+11, 180.29
2.279e+11, 145.805

5.79e+10, 287244
1.082e+11, 212100
1.496e+11, 180.588
2.279e+11, 146.046

5.79e+10, 287718
1.082e+11, 212450
1.496e+11, 180.886
2.279e+11, 146.287

5.79e+10, 288192
1.082e+11, 212800
1.496e+11, 181.184
2.279e+11, 146.528

5.79e+10, 288666
1.082e+11, 213150
1.496e+11, 181.482
2.279e+11, 146.769

5.79e+10, 289140
1.082e+11, 213500
1.496e+11, 181.78
2.279e+11, 147.01

5.79e+10, 289614
1.082e+11, 213850
1.496e+11, 182.078
2.279e+11, 147.251

5.79e+10, 290088
1.082e+11, 214200
1.496e+11, 182.376
2.279e+11, 147.492

5.79e+10, 290562
1.082e+11, 214550
1.496e+11, 182.674
2.279e+11, 147.733

5.79e+10, 291036
1.082e+11, 214900
1.496e+11, 182.972
2.279e+11, 147.974

5.79e+10, 291510
1.082e+11, 215250
1.496e+11, 183.27
2.279e+11, 148.215

5.79e+10, 291984
1.082e+11, 215600
1.496e+11, 183.568
2.279e+11, 148.456

5.79e+10, 292458
1.082e+11, 215950
1.496e+11, 183.866
2.279e+11, 148.697

5.79e+10, 292932
1.082e+11, 216300
1.496e+11, 184.164
2.279e+11, 148.938

5.79e+10, 293406
1.082e+11, 216650
1.496e+11, 184.462
2.279e+11, 149.179

5.79e+10, 293880
1.082e+11, 217000
1.496e+11, 184.76
2.279e+11, 149.42

5.79e+10, 294354
1.082e+11, 217350
1.496e+11, 185.058
2.279e+11, 149.661

5.79e+10, 294828
1.082e+11, 217700
1.496e+11, 185.356
2.279e+11, 149.902

5.79e+10, 295302
1.082e+11, 218050
1.496e+11, 185.654
2.279e+11, 150.143

5.79e+10, 295776
1.082e+11, 218400
1.496e+11, 185.952
2.279e+11, 150.384

5.79e+10, 296250
1.082e+11, 218750
1.496e+11, 186.25
2.279e+11, 150.625

5.79e+10, 296724
1.082e+11, 219100
1.496e+11, 186.548
2.279e+11, 150.866

5.79e+10, 297198
1.082e+11, 219450
1.496e+11, 186.846
2.279e+11, 151.107

5.79e+10, 297672
1.082e+11, 219800
1.496e+11, 187.144
2.279e+11, 151.348

5.79e+10, 298146
1.082e+11, 220150
1.496e+11, 187.442
2.279e+11, 151.589

5.79e+10, 298620
1.082e+11, 220500
1.496e+11, 187.74
2.279e+11, 151.83

5.79e+10, 299094
1.082e+11, 220850
1.496e+11, 188.038
2.279e+11, 152.071

5.79e+10, 299568
1.082e+11, 221200
1.496e+11, 188.336
2.279e+11, 152.312

5.79e+10, 300042
1.082e+11, 221550
1.496e+11, 188.634
2.279e+11, 152.553

5.79e+10, 300516
1.082e+11, 221900
1.496e+11, 188.932
2.279e+11, 152.794

5.79e+10, 300990
1.082e+11, 222250
1.496e+11, 189.23
2.279e+11, 153.035

5.79e+10, 301464
1.082e+11, 222600
1.496e+11, 189.528
2.279e+11, 153.276

5.79e+10, 301938
1.082e+11, 222950
1.496e+11, 189.826
2.279e+11, 153.517

5.79e+10, 302412
1.082e+11, 223300
1.496e+11, 190.124
2.279e+11, 153.758

5.79e+10, 302886
1.082e+11, 223650
1.496e+11, 190.422
2.279e+11, 153.999

5.79e+10, 303360
1.082e+11, 224000
1.496e+11, 190.72
2.279e+11, 154.24

5.79e+10, 303834
1.082e+11, 224350
1.496e+11, 191.018
2.279e+11, 154.481

5.79e+10, 304308
1.082e+11, 224700
1.496e+11, 191.316
2.279e+11, 154.722

5.79e+10, 304782
1.082e+11, 225050
1.496e+11, 191.614
2.279e+11, 154.963

5.79e+10, 305256
1.082e+11, 225400
1.496e+11, 191.912
2.279e+11, 155.204

5.79e+10, 305730
1.082e+11, 225750
1.496e+11, 192.21
2.279e+11, 155.445

5.79e+10, 306204
1.082e+11, 226100
1.496e+11, 192.508
2.279e+11, 155.686

5.79e+10, 306678
1.082e+11, 226450
1.496e+11, 192.806
2.279e+11, 155.927

5.79e+10, 307152
1.082e+11, 226800
1.496e+11, 193.104
2.279e+11, 156.168

5.79e+10, 307626
1.082e+11, 227150
1.496e+11, 193.402
2.279e+11, 156.409

5.79e+10, 308100
1.082e+11, 227500
1.496e+11, 193.7
2.279e+11, 156.65

5.79e+10, 308574
1.082e+11, 227850
1.496e+11, 193.998
2.279e+11, 156.891

5.79e+10, 309048
1.082e+11, 228200
1.496e+11, 194.296
2.279e+11, 157.132

5.79e+10, 309522
1.082e+11, 228550
1.496e+11, 194.594
2.279e+11, 157.373

5.79e+10, 309996
1.082e+11, 228900
1.496e+11, 194.892
2.279e+11, 157.614

5.79e+10, 310470
1.082e+11, 229250
1.496e+11, 195.19
2.279e+11, 157.855

5.79e+10, 310944
1.082e+11, 229600
1.496e+11, 195.488
2.279e+11, 158.096

5.79e+10, 311418
1.082e+11, 229950
1.496e+11, 195.786
2.279e+11, 158.337

5.79e+10, 311892
1.082e+11, 230300
1.496e+11, 196.084
2.279e+11, 158.578

5.79e+10, 312366
1.082e+11, 230650
1.496e+11, 196.382
2.279e+11, 158.819

5.79e+10, 312840
1.082e+11, 231000
1.496e+11, 196.68
2.279e+11, 159.06

5.79e+10, 313314
1.082e+11, 231350
1.496e+11, 196.978
2.279e+11, 159.301

5.79e+10, 313788
1.082e+11, 231700
1.496e+11, 197.276
2.279e+11, 159.542

5.79e+10, 314262
1.082e+11, 232050
1.496e+11, 197.574
2.279e+11, 159.783

5.79e+10, 314736
1.082e+11, 232400
1.496e+11, 197.872
2.279e+11, 160.024

5.79e+10, 315210
1.082e+11, 232750
1.496e+11, 198.17
2.279e+11, 160.265

5.79e+10, 315684
1.082e+11, 233100
1.496e+11, 198.468
2.279e+11, 160.506

5.79e+10, 316158
1.082e+11, 233450
1.496e+11, 198.766
2.279e+11, 160.747

5.79e+10, 316632
1.082e+11, 233800
1.496e+11, 199.064
2.279e+11, 160.988

5.79e+10, 317106
1.082e+11, 234150
1.496e+11, 199.362
2.279e+11, 161.229

5.79e+10, 317580
1.082e+11, 234500
1.496e+11, 199.66
2.279e+11, 161.47

5.79e+10, 318054
1.082e+11, 234850
1.496e+11, 199.958
2.279e+11, 161.711

5.79e+10, 318528
1.082e+11, 235200
1.496e+11, 200.256
2.279e+11, 161.952

5.79e+10, 319002
1.082e+11, 235550
1.496e+11, 200.554
2.279e+11, 162.193

5.79e+10, 319476
1.082e+11, 235900
1.496e+11, 200.852
2.279e+11, 162.434

5.79e+10, 319950
1.082e+11, 236250
1.496e+11, 201.15
2.279e+11, 162.675

5.79e+10, 320424
1.082e+11, 236600
1.496e+11, 201.448
2.279e+11, 162.916

5.79e+10, 320898
1.082e+11, 236950
1.496e+11, 201.746
2.279e+11, 163.157

5.79e+10, 321372
1.082e+11, 237300
1.496e+11, 202.044
2.279e+11, 163.398

5.79e+10, 321846
1.082e+11, 237650
1.496e+11, 202.342
2.279e+11, 163.639

5.79e+10, 322320
1.082e+11, 238000
1.496e+11, 202.64
2.279e+11, 163.88

5.79e+10, 322794
1.082e+11, 238350
1.496e+11, 202.938
2.279e+11, 164.121

5.79e+10, 323268
1.082e+11, 238700
1.496e+11, 203.236
2.279e+11, 164.362

5.79e+10, 323742
1.082e+11, 239050
1.496e+11, 203.534
2.279e+11, 164.603

5.79e+10, 324216
1.082e+11, 239400
1.496e+11, 203.832
2.279e+11, 164.844

5.79e+10, 324690
1.082e+11, 239750
1.496e+11, 204.13
2.279e+11, 165.085

5.79e+10, 325164
1.082e+11, 240100
1.496e+11, 204.428
2.279e+11, 165.326

5.79e+10, 325638
1.082e+11, 240450
1.496e+11, 204.726
2.279e+11, 165.567

5.79e+10, 326112
1.082e+11, 240800
1.496e+11, 205.024
2.279e+11, 165.808

5.79e+10, 326586
1.082e+11, 241150
1.496e+11, 205.322
2.279e+11, 166.049

5.79e+10, 327060
1.082e+11, 241500
1.496e+11, 205.62
2.279e+11, 166.29

5.79e+10, 327534
1.082e+11, 241850
1.496e+11, 205.918
2.279e+11, 166.531

5.79e+10, 328008
1.082e+11, 242200
1.496e+11, 206.216
2.279e+11, 166.772

5.79e+10, 328482
1.082e+11, 242550
1.496e+11, 206.514
2.279e+11, 167.013

5.79e+10, 328956
1.082e+11, 242900
1.496e+11, 206.812
2.279e+11, 167.254

5.79e+10, 329430
1.082e+11, 243250
1.496e+11, 207.11
2.279e+11, 167.495

5.79e+10, 329904
1.082e+11, 243600
1.496e+11, 207.408
2.279e+11, 167.736

5.79e+10, 330378
1.082e+11, 243950
1.496e+11, 207.706
2.279e+11, 167.977

5.79e+10, 330852
1.082e+11, 244300
1.496e+11, 208.004
2.279e+11, 168.218

5.79e+10, 331326
1.082e+11, 244650
1.496e+11, 208.302
2.279e+11, 168.459

5.79e+10, 331800
1.082e+11, 245000
1.496e+11, 208.6
2.279e+11, 168.7

5.79e+10, 332274
1.082e+11, 245350
1.496e+11, 208.898
2.279e+11, 168.941

5.79e+10, 332748
1.082e+11, 245700
1.496e+11, 209.196
2.279e+11, 169.182

5.79e+10, 333222
1.082e+11, 246050
1.496e+11, 209.494
2.279e+11, 169.423

5.79e+10, 333696
1.082e+11, 246400
1.496e+11, 209.792
2.279e+11, 169.664

5.79e+10, 334170
1.082e+11, 246750
1.496e+11, 210.09
2.279e+11, 169.905

5.79e+10, 334644
1.082e+11, 247100
1.496e+11, 210.388
2.279e+11, 170.146

5.79e+10, 335118
1.082e+11, 247450
1.496e+11, 210.686
2.279e+11, 170.387

5.79e+10, 335592
1.082e+11, 247800
1.496e+11, 210.984
2.279e+11, 170.628

5.79e+10, 336066
1.082e+11, 248150
1.496e+11, 211.282
2.279e+11, 170.869

5.79e+10, 336540
1.082e+11, 248500
1.496e+11, 211.58
2.279e+11, 171.11

5.79e+10, 337014
1.082e+11, 248850
1.496e+11, 211.878
2.279e+11, 171.351

5.79e+10, 337488
1.082e+11, 249200
1.496e+11, 212.176
2.279e+11, 171.592

5.79e+10, 337962
1.082e+11, 249550
1.496e+11, 212.474
2.279e+11, 171.833

5.79e+10, 338436
1.082e+11, 249900
1.496e+11, 212.772
2.279e+11, 172.074

5.79e+10, 338910
1.082e+11, 250250
1.496e+11, 213.07
2.279e+11, 172.315

5.79e+10, 339384
1.082e+11, 250600
1.496e+11, 213.368
2.279e+11, 172.556

5.79e+10, 339858
1.082e+11, 250950
1.496e+11, 213.666
2.279e+11, 172.797

5.79e+10, 340332
1.082e+11, 251300
1.496e+11, 213.964
2.279e+11, 173.038

5.79e+10, 340806
1.082e+11, 251650
1.496e+11, 214.262
2.279e+11, 173.279

5.79e+10, 341280
1.082e+11, 252000
1.496e+11, 214.56
2.279e+11, 173.52

5.79e+10, 341754
1.082e+11, 252350
1.496e+11, 214.858
2.279e+11, 173.761

5.79e+10, 342228
1.082e+11, 252700
1.496e+11, 215.156
2.279e+11, 174.002

5.79e+10, 342702
1.082e+11, 253050
1.496e+11, 215.454
2.279e+11, 174.243

5.79e+10, 343176
1.082e+11, 253400
1.496e+11, 215.752
2.279e+11, 174.484

5.79e+10, 343650
1.082e+11, 253750
1.496e+11, 216.05
2.279e+11, 174.725

5.79e+10, 344124
1.082e+11, 254100
1.496e+11, 216.348
2.279e+11, 174.966

5.79e+10, 344598
1.082e+11, 254450
1.496e+11, 216.646
2.279e+11, 175.207

5.79e+10, 345072
1.082e+11, 254800
1.496e+11, 216.944
2.279e+11, 175.448

5.79e+10, 345546
1.082e+11, 255150
1.496e+11, 217.242
2.279e+11, 175.689

5.79e+10, 346020
1.082e+11, 255500
1.496e+11, 217.54
2.279e+11, 175.93

5.79e+10, 346494
1.082e+11, 255850
1.496e+11, 217.838
2.279e+11, 176.171

5.79e+10, 346968
1.082e+11, 256200
1.496e+11, 218.136
2.279e+11, 176.412

5.79e+10, 347442
1.082e+11, 256550
1.496e+11, 218.434
2.279e+11, 176.653

5.79e+10, 347916
1.082e+11, 256900
1.496e+11, 218.732
2.279e+11, 176.894

5.79e+10, 348390
1.082e+11, 257250
1.496e+11, 219.03
2.279e+11, 177.135

5.79e+10, 348864
1.082e+11, 257600
1.496e+11, 219.328
2.279e+11, 177.376

5.79e+10, 349338
1.082e+11, 257950
1.496e+11, 219.626
2.279e+11, 177.617

5.79e+10, 349812
1.082e+11, 258300
1.496e+11, 219.924
2.279e+11, 177.858

5.79e+10, 350286
1.082e+11, 258650
1.496e+11, 220.222
2.279e+11, 178.099

5.79e+10, 350760
1.082e+11, 259000
1.496e+11, 220.52
2.279e+11, 178.34

5.79e+10, 351234
1.082e+11, 259350
1.496e+11, 220.818
2.279e+11, 178.581

5.79e+10, 351708
1.082e+11, 259700
1.496e+11, 221.116
2.279e+11, 178.822

5.79e+10, 352182
1.082e+11, 260050
1.496e+11, 221.414
2.279e+11, 179.063

5.79e+10, 352656
1.082e+11, 260400
1.496e+11, 221.712
2.279e+11, 179.304

5.79e+10, 353130
1.082e+11, 260750
1.496e+11, 222.01
2.279e+11, 179.545

5.79e+10, 353604
1.082e+11, 261100
1.496e+11, 222.308
2.279e+11, 179.786

5.79e+10, 354078
1.082e+11, 261450
1.496e+11, 222.606
2.279e+11, 180.027

5.79e+10, 354552
1.082e+11, 261800
1.496e+11, 222.904
2.279e+11, 180.268

5.79e+10, 355026
1.082e+11, 262150
1.496e+11, 223.202
2.279e+11, 180.509

5.79e+10, 355500
1.082e+11, 262500
1.496e+11, 223.5
2.279e+11, 180.75

5.79e+10, 355974
1.082e+11, 262850
1.496e+11, 223.798
2.279e+11, 180.991

5.79e+10, 356448
1.082e+11, 263200
1.496e+11, 224.096
2.279e+11, 181.232

5.79e+10, 356922
1.082e+11, 263550
1.496e+11, 224.394
2.279e+11, 181.473

5.79e+10, 357396
1.082e+11, 263900
1.496e+11, 224.692
2.279e+11, 181.714

5.79e+10, 357870
1.082e+11, 264250
1.496e+11, 224.99
2.279e+11, 181.955

5.79e+10, 358344
1.082e+11, 264600
1.496e+11, 225.288
2.279e+11, 182.196

5.79e+10, 358818
1.082e+11, 264950
1.496e+11, 225.586
2.279e+11, 182.437

5.79e+10, 359292
1.082e+11, 265300
1.496e+11, 225.884
2.279e+11, 182.678

5.79e+10, 359766
1.082e+11, 265650
1.496e+11, 226.182
2.279e+11, 182.919

5.79e+10, 360240
1.082e+11, 266000
1.496e+11, 226.48
2.279e+11, 183.16

5.79e+10, 360714
1.082e+11, 266350
1.496e+11, 226.778
2.279e+11, 183.401

5.79e+10, 361188
1.082e+11, 266700
1.496e+11, 227.076
2.279e+11, 183.642

5.79e+10, 361662
1.082e+11, 267050
1.496e+11, 227.374
2.279e+11, 183.883

5.79e+10, 362136
1.082e+11, 267400
1.496e+11, 227.672
2.279e+11, 184.124

5.79e+10, 362610
1.082e+11, 267750
1.496e+11, 227.97
2.279e+11, 184.365

5.79e+10, 363084
1.082e+11, 268100
1.496e+11, 228.268
2.279e+11, 184.606

5.79e+10, 363558
1.082e+11, 268450
1.496e+11, 228.566
2.279e+11, 184.847

5.79e+10, 364032
1.082e+11, 268800
1.496e+11, 228.864
2.279e+11, 185.088

5.79e+10, 364506
1.082e+11, 269150
1.496e+11, 229.162
2.279e+11, 185.329

5.79e+10, 364980
1.082e+11, 269500
1.496e+11, 229.46
2.279e+11, 185.57

5.79e+10, 365454
1.082e+11, 269850
1.496e+11, 229.758
2.279e+11, 185.811

5.79e+10, 365928
1.082e+11, 270200
1.496e+11, 230.056
2.279e+11, 186.052

5.79e+10, 366402
1.082e+11, 270550
1.496e+11, 230.354
2.279e+11, 186.293

5.79e+10, 366876
1.082e+11, 270900
1.496e+11, 230.652
2.279e+11, 186.534

5.79e+10, 367350
1.082e+11, 271250
1.496e+11, 230.95
2.279e+11, 186.775

5.79e+10, 367824
1.082e+11, 271600
1.496e+11, 231.248
2.279e+11, 187.016

5.79e+10, 368298
1.082e+11, 271950
1.496e+11, 231.546
2.279e+11, 187.257

5.79e+10, 368772
1.082e+11, 272300
1.496e+11, 231.844
2.279e+11, 187.498

5.79e+10, 369246
1.082e+11, 272650
1.496e+11, 232.142
2.279e+11, 187.739

5.79e+10, 369720
1.082e+11, 273000
1.496e+11, 232.44
2.279e+11, 187.98

5.79e+10, 370194
1.082e+11, 273350
1.496e+11, 232.738
2.279e+11, 188.221

5.79e+10, 370668
1.082e+11, 273700
1.496e+11, 233.036
2.279e+11, 188.462

5.79e+10, 371142
1.082e+11, 274050
1.496e+11, 233.334
2.279e+11, 188.703

5.79e+10, 371616
1.082e+11, 274400
1.496e+11, 233.632
2.279e+11, 188.944

5.79e+10, 372090
1.082e+11, 274750
1.496e+11, 233.93
2.279e+11, 189.185

5.79e+10, 372564
1.082e+11, 275100
1.496e+11, 234.228
2.279e+11, 189.426

5.79e+10, 373038
1.082e+11, 275450
1.496e+11, 234.526
2.279e+11, 189.667

5.79e+10, 373512
1.082e+11, 275800
1.496e+11, 234.824
2.279e+11, 189.908

5.79e+10, 373986
1.082e+11, 276150
1.496e+11, 235.122
2.279e+11, 190.149

5.79e+10, 374460
1.082e+11, 276500
1.496e+11, 235.42
2.279e+11, 190.39

5.79e+10, 374934
1.082e+11, 276850
1.496e+11, 235.718
2.279e+11, 190.631

5.79e+10, 375408
1.082e+11, 277200
1.496e+11, 236.016
2.279e+11, 190.872

5.79e+10, 375882
1.082e+11, 277550
1.496e+11, 236.314
2.279e+11, 191.113

5.79e+10, 376356
1.082e+11, 277900
1.496e+11, 236.612
2.279e+11, 191.354

5.79e+10, 376830
1.082e+11, 278250
1.496e+11, 236.91
2.279e+11, 191.595

5.79e+10, 377304
1.082e+11, 278600
1.496e+11, 237.208
2.279e+11, 191.836

5.79e+10, 377778
1.082e+11, 278950
1.496e+11, 237.506
2.279e+11, 192.077

5.79e+10, 378252
1.082e+11, 279300
1.496e+11, 237.804
2.279e+11, 192.318

5.79e+10, 378726
1.082e+11, 279650
1.496e+11, 238.102
2.279e+11, 192.559

5.79e+10, 379200
1.082e+11, 280000
1.496e+11, 238.4
2.279e+11, 192.8

5.79e+10, 379674
1.082e+11, 280350
1.496e+11, 238.698
2.279e+11, 193.041

5.79e+10, 380148
1.082e+11, 280700
1.496e+11, 238.996
2.279e+11, 193.282

5.79e+10, 380622
1.082e+11, 281050
1.496e+11, 239.294
2.279e+11, 193.523

5.79e+10, 381096
1.082e+11, 281400
1.496e+11, 239.592
2.279e+11, 193.764

5.79e+10, 381570
1.082e+11, 281750
1.496e+11, 239.89
2.279e+11, 194.005

5.79e+10, 382044
1.082e+11, 282100
1.496e+11, 240.188
2.279e+11, 194.246

5.79e+10, 382518
1.082e+11, 282450
1.496e+11, 240.486
2.279e+11, 194.487

5.79e+10, 382992
1.082e+11, 282800
1.496e+11, 240.784
2.279e+11, 194.728

5.79e+10, 383466
1.082e+11, 283150
1.496e+11, 241.082
2.279e+11, 194.969

5.79e+10, 383940
1.082e+11, 283500
1.496e+11, 241.38
2.279e+11, 195.21

5.79e+10, 384414
1.082e+11, 283850
1.496e+11, 241.678
2.279e+11, 195.451

5.79e+10, 384888
1.082e+11, 284200
1.496e+11, 241.976
2.279e+11, 195.692

5.79e+10, 385362
1.082e+11, 284550
1.496e+11, 242.274
2.279e+11, 195.933

5.79e+10, 385836
1.082e+11, 284900
1.496e+11, 242.572
2.279e+11, 196.174

5.79e+10, 386310
1.082e+11, 285250
1.496e+11, 242.87
2.279e+11, 196.415

5.79e+10, 386784
1.082e+11, 285600
1.496e+11, 243.168
2.279e+11, 196.656

5.79e+10, 387258
1.082e+11, 285950
1.496e+11, 243.466
2.279e+11, 196.897

5.79e+10, 387732
1.082e+11, 286300
1.496e+11, 243.764
2.279e+11, 197.138

5.79e+10, 388206
1.082e+11, 286650
1.496e+11, 244.062
2.279e+11, 197.379

5.79e+10, 388680
1.082e+11, 287000
1.496e+11, 244.36
2.279e+11, 197.62

5.79e+10, 389154
1.082e+11, 287350
1.496e+11, 244.658
2.279e+11, 197.861

5.79e+10, 389628
1.082e+11, 287700
1.496e+11, 244.956
2.279e+11, 198.102

5.79e+10, 390102
1.082e+11, 288050
1.496e+11, 245.254
2.279e+11, 198.343

5.79e+10, 390576
1.082e+11, 288400
1.496e+11, 245.552
2.279e+11, 198.584

5.79e+10, 391050
1.082e+11, 288750
1.496e+11, 245.85
2.279e+11, 198.825

5.79e+10, 391524
1.082e+11, 289100
1.496e+11, 246.148
2.279e+11, 199.066

5.79e+10, 391998
1.082e+11, 289450
1.496e+11, 246.446
2.279e+11, 199.307

5.79e+10, 392472
1.082e+11, 289800
1.496e+11, 246.744
2.279e+11, 199.548

5.79e+10, 392946
1.082e+11, 290150
1.496e+11, 247.042
2.279e+11, 199.789

5.79e+10, 393420
1.082e+11, 290500
1.496e+11, 247.34
2.279e+11, 200.03

5.79e+10, 393894
1.082e+11, 290850
1.496e+11, 247.638
2.279e+11, 200.271

5.79e+10, 394368
1.082e+11, 291200
1.496e+11, 247.936
2.279e+11, 200.512

5.79e+10, 394842
1.082e+11, 291550
1.496e+11, 248.234
2.279e+11, 200.753

5.79e+10, 395316
1.082e+11, 291900
1.496e+11, 248.532
2.279e+11, 200.994

5.79e+10, 395790
1.082e+11, 292250
1.496e+11, 248.83
2.279e+11, 201.235

5.79e+10, 396264
1.082e+11, 292600
1.496e+11, 249.128
2.279e+11, 201.476

5.79e+10, 396738
1.082e+11, 292950
1.496e+11, 249.426
2.279e+11, 201.717

5.79e+10, 397212
1.082e+11, 293300
1.496e+11, 249.724
2.279e+11, 201.958

5.79e+10, 397686
1.082e+11, 293650
1.496e+11, 250.022
2.279e+11, 202.199

5.79e+10, 398160
1.082e+11, 294000
1.496e+11, 250.32
2.279e+11, 202.44

5.79e+10, 398634
1.082e+11, 294350
1.496e+11, 250.618
2.279e+11, 202.681

5.79e+10, 399108
1.082e+11, 294700
1.496e+11, 250.916
2.279e+11, 202.922

5.79e+10, 399582
1.082e+11, 295050
1.496e+11, 251.214
2.279e+11, 203.163

5.79e+10, 400056
1.082e+11, 295400
1.496e+11, 251.512
2.279e+11, 203.404

5.79e+10, 400530
1.082e+11, 295750
1.496e+11, 251.81
2.279e+11, 203.645

5.79e+10, 401004
1.082e+11, 296100
1.496e+11, 252.108
2.279e+11, 203.886

5.79e+10, 401478
1.082e+11, 296450
1.496e+11, 252.406
2.279e+11, 204.127

5.79e+10, 401952
1.082e+11, 296800
1.496e+11, 252.704
2.279e+11, 204.368

5.79e+10, 402426
1.082e+11, 297150
1.496e+11, 253.002
2.279e+11, 204.609

5.79e+10, 402900
1.082e+11, 297500
1.496e+11, 253.3
2.279e+11, 204.85

5.79e+10, 403374
1.082e+11, 297850
1.496e+11, 253.598
2.279e+11, 205.091

5.79e+10, 403848
1.082e+11, 298200
1.496e+11, 253.896
2.279e+11, 205.332

5.79e+10, 404322
1.082e+11, 298550
1.496e+11, 254.194
2.279e+11, 205.573

5.79e+10, 404796
1.082e+11, 298900
1.496e+11, 254.492
2.279e+11, 205.814

5.79e+10, 405270
1.082e+11, 299250
1.496e+11, 254.79
2.279e+11, 206.055

5.79e+10, 405744
1.082e+11, 299600
1.496e+11, 255.088
2.279e+11, 206.296

5.79e+10, 406218
1.082e+11, 299950
1.496e+11, 255.386
2.279e+11, 206.537

5.79e+10, 406692
1.082e+11, 300300
1.496e+11, 255.684
2.279e+11, 206.778

5.79e+10, 407166
1.082e+11, 300650
1.496e+11, 255.982
2.279e+11, 207.019

5.79e+10, 407640
1.082e+11, 301000
1.496e+11, 256.28
2.279e+11, 207.26

5.79e+10, 408114
1.082e+11, 301350
1.496e+11, 256.578
2.279e+11, 207.501

5.79e+10, 408588
1.082e+11, 301700
1.496e+11, 256.876
2.279e+11, 207.742

5.79e+10, 409062
1.082e+11, 302050
1.496e+11, 257.174
2.279e+11, 207.983

5.79e+10, 409536
1.082e+11, 302400
1.496e+11, 257.472
2.279e+11, 208.224

5.79e+10, 410010
1.082e+11, 302750
1.496e+11, 257.77
2.279e+11, 208.465

5.79e+10, 410484
1.082e+11, 303100
1.496e+11, 258.068
2.279e+11, 208.706

5.79e+10, 410958
1.082e+11, 303450
1.496e+11, 258.366
2.279e+11, 208.947

5.79e+10, 411432
1.082e+11, 303800
1.496e+11, 258.664
2.279e+11, 209.188

5.79e+10, 411906
1.082e+11, 304150
1.496e+11, 258.962
2.279e+11, 209.429

5.79e+10, 412380
1.082e+11, 304500
1.496e+11, 259.26
2.279e+11, 209.67

5.79e+10, 412854
1.082e+11, 304850
1.496e+11, 259.558
2.279e+11, 209.911

5.79e+10, 413328
1.082e+11, 305200
1.496e+11, 259.856
2.279e+11, 210.152

5.79e+10, 413802
1.082e+11, 305550
1.496e+11, 260.154
2.279e+11, 210.393

5.79e+10, 414276
1.082e+11, 305900
1.496e+11, 260.452
2.279e+11, 210.634

5.79e+10, 414750
1.082e+11, 306250
1.496e+11, 260.75
2.279e+11, 210.875

5.79e+10, 415224
1.082e+11, 306600
1.496e+11, 261.048
2.279e+11, 211.116

5.79e+10, 415698
1.082e+11, 306950
1.496e+11, 261.346
2.279e+11, 211.357

5.79e+10, 416172
1.082e+11, 307300
1.496e+11, 261.644
2.279e+11, 211.598

5.79e+10, 416646
1.082e+11, 307650
1.496e+11, 261.942
2.279e+11, 211.839

5.79e+10, 417120
1.082e+11, 308000
1.496e+11, 262.24
2.279e+11, 212.08

5.79e+10, 417594
1.082e+11, 308350
1.496e+11, 262.538
2.279e+11, 212.321

5.79e+10, 418068
1.082e+11, 308700
1.496e+11, 262.836
2.279e+11, 212.562

5.79e+10, 418542
1.082e+11, 309050
1.496e+11, 263.134
2.279e+11, 212.803

5.79e+10, 419016
1.082e+11, 309400
1.496e+11, 263.432
2.279e+11, 213.044

5.79e+10, 419490
1.082e+11, 309750
1.496e+11, 263.73
2.279e+11, 213.285

5.79e+10, 419964
1.082e+11, 310100
1.496e+11, 264.028
2.279e+11, 213.526

5.79e+10, 420438
1.082e+11, 310450
1.496e+11, 264.326
2.279e+11, 213.767

5.79e+10, 420912
1.082e+11, 310800
1.496e+11, 264.624
2.279e+11, 214.008

5.79e+10, 421386
1.082e+11, 311150
1.496e+11, 264.922
2.279e+11, 214.249

5.79e+10, 421860
1.082e+11, 311500
1.496e+11, 265.22
2.279e+11, 214.49

5.79e+10, 422334
1.082e+11, 311850
1.496e+11, 265.518
2.279e+11, 214.731

5.79e+10, 422808
1.082e+11, 312200
1.496e+11, 265.816
2.279e+11, 214.972

5.79e+10, 423282
1.082e+11, 312550
1.496e+11, 266.114
2.279e+11, 215.213

5.79e+10, 423756
1.082e+11, 312900
1.496e+11, 266.412
2.279e+11, 215.454

5.79e+10, 424230
1.082e+11, 313250
1.496e+11, 266.71
2.279e+11, 215.695

5.79e+10, 424704
1.082e+11, 313600
1.496e+11, 267.008
2.279e+11, 215.936

5.79e+10, 425178
1.082e+11, 313950
1.496e+11, 267.306
2.279e+11, 216.177

5.79e+10, 425652
1.082e+11, 314300
1.496e+11, 267.604
2.279e+11, 216.418

5.79e+10, 426126
1.082e+11, 314650
1.496e+11, 267.902
2.279e+11, 216.659

5.79e+10, 426600
1.082e+11, 315000
1.496e+11, 268.2
2.279e+11, 216.9

5.79e+10, 427074
1.082e+11, 315350
1.496e+11, 268.498
2.279e+11, 217.141

5.79e+10, 427548
1.082e+11, 315700
1.496e+11, 268.796
2.279e+11, 217.382

5.79e+10, 428022
1.082e+11, 316050
1.496e+11, 269.094
2.279e+11, 217.623

5.79e+10, 428496
1.082e+11, 316400
1.496e+11, 269.392
2.279e+11, 217.864

5.79e+10, 428970
1.082e+11, 316750
1.496e+11, 269.69
2.279e+11, 218.105

5.79e+10, 429444
1.082e+11, 317100
1.496e+11, 269.988
2.279e+11, 218.346

5.79e+10, 429918
1.082e+11, 317450
1.496e+11, 270.286
2.279e+11, 218.587

5.79e+10, 430392
1.082e+11, 317800
1.496e+11, 270.584
2.279e+11, 218.828

5.79e+10, 430866
1.082e+11, 318150
1.496e+11, 270.882
2.279e+11, 219.069

5.79e+10, 431340
1.082e+11, 318500
1.496e+11, 271.18
2.279e+11, 219.31

5.79e+10, 431814
1.082e+11, 318850
1.496e+11, 271.478
2.279e+11, 219.551

5.79e+10, 432288
1.082e+11, 319200
1.496e+11, 271.776
2.279e+11, 219.792

5.79e+10, 432762
1.082e+11, 319550
1.496e+11, 272.074
2.279e+11, 220.033

5.79e+10, 433236
1.082e+11, 319900
1.496e+11, 272.372
2.279e+11, 220.274

5.79e+10, 433710
1.082e+11, 320250
1.496e+11, 272.67
2.279e+11, 220.515

5.79e+10, 434184
1.082e+11, 320600
1.496e+11, 272.968
2.279e+11, 220.756

5.79e+10, 434658
1.082e+11, 320950
1.496e+11, 273.266
2.279e+11, 220.997

5.79e+10, 435132
1.082e+11, 321300
1.496e+11, 273.564
2.279e+11, 221.238

5.79e+10, 435606
1.082e+11, 321650
1.496e+11, 273.862
2.279e+11, 221.479

5.79e+10, 436080
1.082e+11, 322000
1.496e+11, 274.16
2.279e+11, 221.72

5.79e+10, 436554
1.082e+11, 322350
1.496e+11, 274.458
2.279e+11, 221.961

5.79e+10, 437028
1.082e+11, 322700
1.496e+11, 274.756
2.279e+11, 222.202

5.79e+10, 437502
1.082e+11, 323050
1.496e+11, 275.054
2.279e+11, 222.443

5.79e+10, 437976
1.082e+11, 323400
1.496e+11, 275.352
2.279e+11, 222.684

5.79e+10, 438450
1.082e+11, 323750
1.496e+11, 275.65
2.279e+11, 222.925

5.79e+10, 438924
1.082e+11, 324100
1.496e+11, 275.948
2.279e+11, 223.166

5.79e+10, 439398
1.082e+11, 324450
1.496e+11, 276.246
2.279e+11, 223.407

5.79e+10, 439872
1.082e+11, 324800
1.496e+11, 276.544
2.279e+11, 223.648

5.79e+10, 440346
1.082e+11, 325150
1.496e+11, 276.842
2.279e+11, 223.889

5.79e+10, 440820
1.082e+11, 325500
1.496e+11, 277.14
2.279e+11, 224.13

5.79e+10, 441294
1.082e+11, 325850
1.496e+11, 277.438
2.279e+11, 224.371

5.79e+10, 441768
1.082e+11, 326200
1.496e+11, 277.736
2.279e+11, 224.612

5.79e+10, 442242
1.082e+11, 326550
1.496e+11, 278.034
2.279e+11, 224.853

5.79e+10, 442716
1.082e+11, 326900
1.496e+11, 278.332
2.279e+11, 225.094

5.79e+10, 443190
1.082e+11, 327250
1.496e+11, 278.63
2.279e+11, 225.335

5.79e+10, 443664
1.082e+11, 327600
1.496e+11, 278.928
2.279e+11, 225.576

5.79e+10, 444138
1.082e+11, 327950
1.496e+11, 279.226
2.279e+11, 225.817

5.79e+10, 444612
1.082e+11, 328300
1.496e+11, 279.524
2.279e+11, 226.058

5.79e+10, 445086
1.082e+11, 328650
1.496e+11, 279.822
2.279e+11, 226.299

5.79e+10, 445560
1.082e+11, 329000
1.496e+11, 280.12
2.279e+11, 226.54

5.79e+10, 446034
1.082e+11, 329350
1.496e+11, 280.418
2.279e+11, 226.781

5.79e+10, 446508
1.082e+11, 329700
1.496e+11, 280.716
2.279e+11, 227.022

5.79e+10, 446982
1.082e+11, 330050
1.496e+11, 281.014
2.279e+11, 227.263

5.79e+10, 447456
1.082e+11, 330400
1.496e+11, 281.312
2.279e+11, 227.504

5.79e+10, 447930
1.082e+11, 330750
1.496e+11, 281.61
2.279e+11, 227.745

5.79e+10, 448404
1.082e+11, 331100
1.496e+11, 281.908
2.279e+11, 227.986

5.79e+10, 448878
1.082e+11, 331450
1.496e+11, 282.206
2.279e+11, 228.227

5.79e+10, 449352
1.082e+11, 331800
1.496e+11, 282.504
2.279e+11, 228.468

5.79e+10, 449826
1.082e+11, 332150
1.496e+11, 282.802
2.279e+11, 228.709

5.79e+10, 450300
1.082e+11, 332500
1.496e+11, 283.1
2.279e+11, 228.95

5.79e+10, 450774
1.082e+11, 332850
1.496e+11, 283.398
2.279e+11, 229.191

5.79e+10, 451248
1.082e+11, 333200
1.496e+11, 283.696
2.279e+11, 229.432

5.79e+10, 451722
1.082e+11, 333550
1.496e+11, 283.994
2.279e+11, 229.673

5.79e+10, 452196
1.082e+11, 333900
1.496e+11, 284.292
2.279e+11, 229.914

5.79e+10, 452670
1.082e+11, 334250
1.496e+11, 284.59
2.279e+11, 230.155

5.79e+10, 453144
1.082e+11, 334600
1.496e+11, 284.888
2.279e+11, 230.396

5.79e+10, 453618
1.082e+11, 334950
1.496e+11, 285.186
2.279e+11, 230.637

5.79e+10, 454092
1.082e+11, 335300
1.496e+11, 285.484
2.279e+11, 230.878

5.79e+10, 454566
1.082e+11, 335650
1.496e+11, 285.782
2.279e+11, 231.119

5.79e+10, 455040
1.082e+11, 336000
1.496e+11, 286.08
2.279e+11, 231.36

5.79e+10, 455514
1.082e+11, 336350
1.496e+11, 286.378
2.279e+11, 231.601

5.79e+10, 455988
1.082e+11, 336700
1.496e+11, 286.676
2.279e+11, 231.842

5.79e+10, 456462
1.082e+11, 337050
1.496e+11, 286.974
2.279e+11, 232.083

5.79e+10, 456936
1.082e+11, 337400
1.496e+11, 287.272
2.279e+11, 232.324

5.79e+10, 457410
1.082e+11, 337750
1.496e+11, 287.57
2.279e+11, 232.565

5.79e+10, 457884
1.082e+11, 338100
1.496e+11, 287.868
2.279e+11, 232.806

5.79e+10, 458358
1.082e+11, 338450
1.496e+11, 288.166
2.279e+11, 233.047

5.79e+10, 458832
1.082e+11, 338800
1.496e+11, 288.464
2.279e+11, 233.288

5.79e+10, 459306
1.082e+11, 339150
1.496e+11, 288.762
2.279e+11, 233.529

5.79e+10, 459780
1.082e+11, 339500
1.496e+11, 289.06
2.279e+11, 233.77

5.79e+10, 460254
1.082e+11, 339850
1.496e+11, 289.358
2.279e+11, 234.011

5.79e+10, 460728
1.082e+11, 340200
1.496e+11, 289.656
2.279e+11, 234.252

5.79e+10, 461202
1.082e+11, 340550
1.496e+11, 289.954
2.279e+11, 234.493

5.79e+10, 461676
1.082e+11, 340900
1.496e+11, 290.252
2.279e+11, 234.734

5.79e+10, 462150
1.082e+11, 341250
1.496e+11, 290.55
2.279e+11, 234.975

5.79e+10, 462624
1.082e+11, 341600
1.496e+11, 290.848
2.279e+11, 235.216

5.79e+10, 463098
1.082e+11, 341950
1.496e+11, 291.146
2.279e+11, 235.457

5.79e+10, 463572
1.082e+11, 342300
1.496e+11, 291.444
2.279e+11, 235.698

5.79e+10, 464046
1.082e+11, 342650
1.496e+11, 291.742
2.279e+11, 235.939

5.79e+10, 464520
1.082e+11, 343000
1.496e+11, 292.04
2.279e+11, 236.18

5.79e+10, 464994
1.082e+11, 343350
1.496e+11, 292.338
2.279e+11, 236.421

5.79e+10, 465468
1.082e+11, 343700
1.496e+11, 292.636
2.279e+11, 236.662

5.79e+10, 465942
1.082e+11, 344050
1.496e+11, 292.934
2.279e+11, 236.903

5.79e+10, 466416
1.082e+11, 344400
1.496e+11, 293.232
2.279e+11, 237.144

5.79e+10, 466890
1.082e+11, 344750
1.496e+11, 293.53
2.279e+11, 237.385

5.79e+10, 467364
1.082e+11, 345100
1.496e+11, 293.828
2.279e+11, 237.626

5.79e+10, 467838
1.082e+11, 345450
1.496e+11, 294.126
2.279e+11, 237.867

5.79e+10, 468312
1.082e+11, 345800
1.496e+11, 294.424
2.279e+11, 238.108

5.79e+10, 468786
1.082e+11, 346150
1.496e+11, 294.722
2.279e+11, 238.349

5.79e+10, 469260
1.082e+11, 346500
1.496e+11, 295.02
2.279e+11, 238.59

5.79e+10, 469734
1.082e+11, 346850
1.496e+11, 295.318
2.279e+11, 238.831

5.79e+10, 470208
1.082e+11, 347200
1.496e+11, 295.616
2.279e+11, 239.072

5.79e+10, 470682
1.082e+11, 347550
1.496e+11, 295.914
2.279e+11, 239.313

5.79e+10, 471156
1.082e+11, 347900
1.496e+11, 296.212
2.279e+11, 239.554

5.79e+10, 471630
1.082e+11, 348250
1.496e+11, 296.51
2.279e+11, 239.795

5.79e+10, 472104
1.082e+11, 348600
1.496e+11, 296.808
2.279e+11, 240.036

5.79e+10, 472578
1.082e+11, 348950
1.496e+11, 297.106
2.279e+11, 240.277

5.79e+10, 473052
1.082e+11, 349300
1.496e+11, 297.404
2.279e+11, 240.518

5.79e+10, 473526
1.082e+11, 349650
1.496e+11, 297.702
2.279e+11, 240.759

