17.94043041418398, 1.3304263459584398
2.007909688226981, -7.796111596063922
29.880279365372566, -14.613650062056278

21.825823399380226, 1.3241814717797302
2.4564950984528764, -11.33747785408056
30.084683792151814, -10.810591687807289

22.66497302990355, 2.668709378795051
6.113924775675116, -9.31240533326655
29.874861981870108, -14.689997156215355

20.101775193962645, 5.437829213466388
2.3657324233855137, -8.685155083861286
26.272720204789593, -18.619758816684115

16.635127565480612, 6.378992720633387
4.315492817635711, -10.402700117043487
24.615066637829912, -15.229859799197083

18.051886638780683, 4.195024182678301
0.9292076092514874, -13.509977616892051
22.59831123948606, -14.93356677618264

20.476968531151243, 7.494117238690129
1.9002628717852312, -16.678874145780494
22.830384362686228, -15.269270542071173

17.512564222495204, 11.386653387213673
-0.3897530494156545, -16.8442057774707
23.87920478021006, -15.576319590582878

16.26968612334434, 13.372297234662295
0.5561181697901576, -14.84859498444742
25.5731038082279, -12.822169536848172

13.449493565408421, 15.219440238591101
-0.3939357680383857, -18.420004546197003
24.750049446689705, -13.620362625965747

10.193912765251394, 15.501547887911697
-1.455748421190524, -16.977313743552862
22.231635828106096, -10.563572283292242

13.632254944655811, 11.910413128739222
1.9772477901279508, -18.14036166752661
21.752830484708923, -12.012692670751079

15.756671951636578, 9.285247545426962
3.4533902114622874, -16.405565719090887
22.961407937726996, -10.30569354104324

12.024519287154439, 7.6421666928102825
6.098066620661505, -14.645316168943296
26.200078492479424, -8.099683392649023

12.515736025795437, 6.301666100733989
6.271200213426824, -13.86256251584007
25.018636880606383, -6.536591382558786

13.596086058195898, 10.010869480596266
6.7153533713121565, -9.92912039838538
25.962785527276502, -5.712180951359701

10.214248277608789, 11.71505790451014
9.032004801572572, -6.507072514780744
23.957338031278944, -3.3285338080290163

9.669225397141972, 11.05569966594233
10.240313398075566, -8.488155759426311
23.82488747995354, -0.17922060683288876

6.221322374750113, 10.2997677435954
8.889930400670094, -6.469584169703061
24.161510287774753, 0.6742035673121016

4.837327743399084, 11.449794004831297
11.257346168471551, -5.156255374105963
26.727798554827068, 0.159317182825629

3.0917622111342284, 10.941501832322537
9.950443554829679, -3.6340600082876797
29.659875297588854, -1.7277606886182229

5.017179944154575, 8.165217783239644
10.652926363067525, 0.10323592286958938
28.80093181040533, -4.145208284106461

6.925627870948786, 4.3610235564568445
11.768284978769728, 1.6289742691054032
30.924930908499014, -6.940776335811436

8.799544034514888, 2.4953113971066934
8.362975662156005, -1.0001483015411745
27.26945794090763, -5.364774352057194

6.7681066242747345, 0.2313595572458551
5.028799514453918, -2.1574586632975734
30.843893871237483, -7.886617356333098

9.712317533649689, 3.0360938243100772
3.9446118810022304, 0.5976266132709478
28.892412680413308, -8.176764022068198

7.41622570834686, 3.4767127361841403
4.569089647098967, 2.65305791793115
26.80281785378452, -10.60716319587609

7.286291920953243, 4.111385572525717
0.8991532236825766, 2.1339421958243427
22.89646349061932, -8.19005940857798

5.183053408969542, 6.514202044074024
-2.024985783709851, 0.7281758036748593
18.951057427198368, -9.088044239827557

1.2837416559530705, 3.0858700140393704
-5.125585647778808, -2.556847903051321
22.074257133904442, -12.846965575929715

-1.1843555472100888, 2.0527099531605266
-2.4658726388366228, -6.009464252785803
19.047536835249975, -9.231248214719276

-4.36598022640698, -1.4725164691182098
-0.16058317569430614, -3.882655850359323
16.92365227048199, -7.273466198976958

-0.5200902951284734, -3.3020120796827426
-3.5318830551192946, -1.85513469258807
15.354373889401204, -8.629247606262027

-4.009894096176703, -2.48911844619806
-6.179578553660978, -1.7026472085313333
18.56825982954442, -6.428359491406405

-4.1792106471571335, -6.040861599063175
-3.346296175494315, -2.016725633931247
21.265478941014482, -9.280615698868832

-7.265929590486294, -7.052757426520302
-0.5132331895320377, -5.443386378074089
18.10564795466778, -7.259379667807636

-10.08059720955137, -4.774233856481453
-1.7787703821937582, -8.399598044267456
20.01784931762143, -6.600070149452921

-7.13468757981889, -6.240143406550718
-1.4971552444308012, -4.815984735331118
19.18000233905736, -4.678926876467652

-9.608194100997355, -9.711843235228603
-0.048045437265940905, -4.484559527180909
18.81545942002324, -6.675849595979064

-10.771739555332548, -10.095211718350363
2.901880194826817, -3.542636356975473
15.635779223060496, -8.074606332953945

-10.000106531024976, -7.416349068328413
1.2397258145136698, -1.8389080639159987
15.554635722767369, -4.780178962827618

-9.733810886489952, -8.959374491841622
-2.5018463057056337, -4.759265044238078
18.355198936043358, -8.579962596918232

-6.221446319330684, -7.163984805434511
-0.39148080043540023, -7.265835001408622
21.185566805475695, -10.044728737211729

-2.861887582105922, -6.765437534545531
3.3232834783263714, -4.912426454332325
19.111195081707947, -6.169347588163215

-0.6839369719139965, -9.43006433757917
3.037806332762667, -5.221441728087198
15.193680911092525, -8.178885935973359

-1.0024991353684953, -13.083436241783403
0.3359448921171806, -6.222807057291083
12.296971454724373, -11.829573248754453

-4.336998017205954, -12.451941386613889
1.1581356615338079, -9.028530165451242
15.268517417468104, -14.327119645471521

-3.70234683475325, -10.132284959875339
4.424196759039702, -9.917053694291642
16.6246795045141, -10.558024766118372

-0.3282837189928305, -12.54003817685063
5.4933323030839984, -8.536856415335123
13.223023087174898, -9.906486877161894

2.091290211723507, -8.869572223926404
9.039743417935522, -9.894744895796485
14.318487074758165, -9.780162531531964

5.587206102098297, -12.636406090916942
8.526980211925537, -13.25185312231418
17.720900639294, -12.264466138321072

3.859191746507477, -14.556203933585468
5.85354774346072, -10.539786342733908
20.751871735737588, -10.847008941300412

7.286415414405135, -12.412981976979447
5.797949424230554, -9.29529375661473
19.971748342195557, -10.032959114641649

7.199322067468656, -8.791258539666734
3.043552259815664, -12.091586224972133
19.686053191947117, -8.615953068373488

5.591306199915161, -11.718009547371604
3.2308067447138207, -12.366079201903062
23.134618833108515, -11.363903177451398

7.080853133779719, -9.899441423186143
6.6716493082298545, -15.518471749307384
22.730524509135517, -9.148101697524945

7.157322355327827, -7.307964509897609
2.9158129162901245, -16.32622566893292
25.95587611106081, -10.266732714639383

8.460417928558268, -11.096532741254038
3.319279209462593, -12.585964550766157
22.656566917839235, -11.085998026721532

9.7309623651337, -11.510403364219297
0.948139051410303, -16.38323802539596
22.742739141710537, -14.116346250953647

9.765750364426976, -12.48582368582078
-0.9580282798002777, -13.249732948950829
22.154209588198, -13.999609631006773

11.076550611511163, -16.123075511570796
0.3668503476549061, -10.975482327605972
25.801110160282583, -11.590692023257429

13.465701945342918, -17.934181786377973
-3.6108991949087965, -14.808488900607536
26.879129774331716, -14.317129749814939

11.012879539981387, -21.41878250343404
-5.462456581031201, -16.54717074227939
26.30893994649165, -17.99585956191942

14.395270377759996, -22.6090772615826
-2.1772961587054915, -12.692122651115204
24.975714201683807, -18.113303499294183

16.337915649900847, -21.088935702110692
0.29473052264376864, -13.590697795339217
27.94126544153693, -21.68274563530109

13.588224616192885, -24.400354450853868
0.10184052833874002, -16.378095922599492
31.818505552697566, -20.641147220208268

15.016940840989925, -20.40107291505507
-1.3285585339030979, -17.74748738748397
33.33115117743136, -24.563550739168836

18.27692681167363, -19.141850687221993
0.07978749987537181, -14.09652868980697
32.607639910492445, -22.069783065416864

17.774156906076193, -16.452246029177083
-2.966338135765178, -15.222049128168388
29.55190237825786, -19.054099808754682

15.289931603607313, -13.706407358264546
-1.953605771331727, -16.376709337954846
29.927644738620646, -16.051172264203533

12.518087293933558, -15.167038662568498
1.5175625195091715, -13.897033601188639
28.59391529143908, -17.409359845468757

14.948680016584513, -15.400485006240928
3.5538389327200797, -10.620128066512383
28.262453210754973, -17.9627494811996

15.369824813268583, -15.205654468007625
4.659202523514809, -13.68871390691121
28.164431630043417, -20.15875619719911

17.068002317689718, -13.402736084030234
7.837420420381808, -13.620589051972368
31.624069484012686, -18.584172203102185

17.3431204005271, -9.970463580500706
7.31378207393592, -14.50222557943834
33.10509455936426, -18.484483465102738

14.470766177304132, -11.212577038382625
10.388957293606783, -17.756954509044462
32.86290173985163, -22.29141614289018

13.195214075337052, -8.7401039226835
12.99144149638185, -19.73302539610882
32.43760393119146, -19.4855198545594

13.167562809511717, -8.030399852685003
13.075555638753297, -22.830636117246467
32.49101657233766, -16.492208345554538

12.815463293572392, -7.743185011904551
9.619052703133647, -20.90187223361802
31.402105039440233, -16.999129873905325

9.660229301998893, -10.933689943681113
8.663756552483376, -24.764258074180447
34.95898684741197, -14.496017215240727

8.282130355398419, -10.437446203713044
5.291869069977176, -23.475507697239276
36.90474355691275, -16.4792293381874

4.449753458977767, -10.340461958201747
3.4122509531258602, -20.902835689110056
34.96690192144679, -18.04276372885302

1.851776847437506, -10.632709887547882
7.398261591475642, -23.518274228752286
36.89143442634669, -17.55326371367781

1.231709657820117, -7.10325648818402
7.342293244747089, -22.484197905101798
34.43900167960794, -19.953237254835027

4.41155538159485, -8.412830078710176
5.203485683504772, -21.967509737919467
36.06459444360085, -18.704341218408768

5.286857172470435, -10.142899093277169
2.0156528043460407, -21.31304159684605
35.251054899049194, -16.20285728333627

5.933340448586791, -8.858116292971024
5.783800636819613, -19.498932625961963
38.55303996011252, -14.842941212616761

4.6486375377301625, -11.09604397977035
4.020913763616756, -22.574081374913554
41.89805128808855, -14.839513622045196

8.11210422793268, -12.913034161818974
5.537700592332808, -22.508858500434172
42.16801194858409, -18.291007374727254

10.672930916441935, -12.652706676978957
3.167042185157632, -22.40221023843927
38.295131982410005, -14.333559047489093

8.978206940970665, -15.467853545880645
4.264793382441117, -22.251326680486194
35.685631616076705, -11.863192204741864

10.651575289061906, -14.666079141307206
3.6239483452161947, -19.82358448116431
34.44400796175575, -11.626115367548426

13.794528102866504, -18.05248963933625
1.8203556662898723, -22.72451498593988
33.69409392498156, -15.537731489127662

15.448200818220952, -16.134991113329242
1.6156805355179635, -22.427692650965675
29.942303809441633, -14.608657404640478

18.932704785342416, -13.623961014689948
-2.192983006061998, -20.991882112673945
31.33872337132984, -13.820573828458034

22.15650404410753, -9.763703929041633
1.498529916469331, -17.932558809840387
34.30237341424444, -15.767685286402266

19.995119053893994, -9.18350848238719
-2.4815814775581035, -18.360483128163743
31.686080021780633, -17.505222091634078

19.542337652342198, -5.434725294765068
-2.0469174849403338, -19.791808501995774
34.6302832848279, -20.334541188134324

19.498755489790874, -6.643272329443281
-4.017888978708735, -20.9271587887254
37.706503789957175, -22.85519700481191

16.25118744864974, -6.094873173712758
-2.144130222181854, -17.64892994264533
37.433036354683566, -25.40304627314732

14.478061884684475, -5.558090655225101
-0.33618759131202314, -18.761484365870785
37.27400468678782, -28.423672503781624

11.90453916728093, -4.676458401790533
2.8899644585786834, -19.58850540477585
34.35709836118371, -29.96087477871232

11.211340956186245, -3.6494235251858136
6.346488922204199, -20.275116855300823
33.30865036655574, -31.914738658431503

14.544791905979949, -3.0235524065596797
2.996940480339344, -17.802008054188857
36.66895532473332, -30.298441801866403

11.466852831962742, -5.824425864241617
0.5222410002770621, -18.813432831280178
37.65707560260461, -31.832564328084818

8.101587930007017, -8.258871260096758
3.1520043184862265, -20.699183859780568
40.70506526655329, -32.78223873546931

7.254487793466947, -8.207504728722537
2.694047351643606, -24.423431368163374
41.70918323870183, -35.67449574459006

9.404837982312582, -7.45748736114654
4.791522285886305, -26.768552759158005
40.302806575271596, -37.95103729282892

11.792205070830219, -10.462914062432866
4.493509378521646, -29.04705894478284
37.349840129132616, -36.25881131953713

13.905762161176547, -9.410675226505578
5.1954940742992, -30.224864606578674
34.921940490419715, -39.95861227888865

12.545224974270766, -9.259154715821424
5.183480223207645, -31.526380884147127
36.307536806384604, -43.3526635499484

12.993525462057178, -7.878701617085164
3.056315940773006, -32.22527064394812
32.93619902229001, -46.34922709733604

9.488535970941268, -9.013754247366851
1.2056975887893966, -28.779774665988796
33.1583857855026, -48.080877540958916

12.215008229731247, -6.078909439140044
2.907291485535633, -26.306363220308317
32.525100935424454, -45.4359653261087

9.132706227877417, -7.218934289204833
6.421331748841988, -30.23039613858922
35.58497469407325, -42.858060436216306

11.258697403311551, -6.095106397231459
8.306885545064441, -27.764267876520357
32.09575578810085, -43.92675240020679

14.11999871986156, -9.738953475027632
9.158343646247864, -27.079046533855227
33.39731870871843, -41.677526288286465

14.745797316134606, -10.807866587875631
8.32317159824787, -23.781366350179
37.284183339921576, -39.84736209668219

12.719976746180482, -11.787442548153459
11.427004823572322, -23.071239871568785
40.84480469792079, -41.43523321495474

8.96104357826675, -14.405898716559886
14.829507770433192, -23.83886281953319
38.396099192792796, -44.8594141828142

4.990652877815652, -16.445815625550257
12.434627908380023, -26.522071549582357
42.14709745031208, -41.91131954522478

1.4248105308947334, -17.542198237002573
15.247147678395063, -26.32128338340695
43.88967006044458, -38.545113825812166

4.778140797531753, -20.624989844131814
17.36438999600177, -23.17083233185734
43.60945000800834, -35.59513572179057

5.987011774528314, -22.3966649121608
17.626566620496625, -22.499361679189043
41.98314934102927, -32.64305996918171

2.2390445696078443, -21.211260439330957
14.356805113102943, -22.755032531505687
38.86367645691733, -34.53855168943758

3.765528359309962, -19.98593349439728
14.011012265885222, -19.865651082727023
34.98264450269792, -37.61951299228578

3.2797429040109014, -21.477537479049182
16.30562789018124, -16.280015012160362
35.61515270892416, -40.43009942390151

6.2892075937688015, -23.31081928851816
13.018894506891618, -16.410429471081205
33.55898531723301, -39.02507871314106

5.1779360261801335, -22.49031814253367
12.358861344979598, -17.811148312592636
32.67588312927331, -37.577556182164244

7.98513564726941, -19.556827578077364
13.61055622434409, -21.461344579079093
32.9784336546403, -36.57656668009899

5.394410149925708, -21.29213779517038
9.88758131287453, -22.382567668017863
32.23470843643641, -38.8058175816968

8.146978855362029, -23.865116705613083
6.861713430740099, -19.252405695536368
29.77479092623802, -36.24169472154113

4.651969616692381, -26.824992144503163
4.056116417295247, -21.206030742144243
31.289191058138577, -32.911446637338386

4.479061949039759, -29.70609383016399
1.294221990550576, -18.8186336555821
27.88980960096446, -31.121950319961865

1.6832226796267706, -33.2195827332866
-1.6240765603439167, -17.53413459382582
29.680579176656934, -31.377830554336892

1.961877608491423, -31.449276499446544
-5.1419163977756455, -16.774144618921962
28.138610639529702, -28.143954205327336

2.4026081454306407, -33.03100823195958
-1.4832997375379948, -16.861879634738706
31.98608880756886, -25.79631152363568

3.747988367975804, -29.56112223354387
-5.236616117698725, -20.130504498234863
30.871723566057774, -26.87718369981242

5.099484837534359, -27.123893829550916
-4.6870351116029285, -19.312585443652424
27.125562358258975, -28.631291731397535

8.770806647233249, -25.800063769565103
-0.6967517214143877, -18.955744077933716
30.209361646457914, -25.337358362907125

10.551496505800086, -25.371826062028305
-3.848585126175937, -21.528442991368806
33.02620675937374, -27.14394509773166

11.711276463889813, -29.16846513786924
-2.0909848333664467, -25.22020080885932
34.34900671285362, -29.339349018703373

14.168723471761265, -27.545112307751445
1.1905842646233662, -27.061796182403732
32.96052437472649, -32.938043447272335

11.400966023483537, -25.43845139192011
1.8876848998158309, -28.751429225137684
32.42814756488055, -31.6377221857277

10.556219191640219, -21.8622598880002
3.7320663779015257, -28.318998089540976
33.69741540528664, -27.921210813143617

14.415748410593665, -21.6742739556374
2.7898880439166662, -31.43319173097689
32.51887474656602, -31.849590905129954

10.858708094569685, -21.722405632885625
4.256865974308106, -34.48486878522357
33.54921970288902, -29.81102148837295

9.651048727403037, -22.960323716597998
1.2062069881883408, -36.88813979005415
36.59301566269333, -26.87945271730503

8.154046313256565, -21.141726616965187
3.6746120499574033, -37.55542286569356
34.491169912059256, -26.13486201126261

7.275668243075463, -25.012910636897676
-0.19552851099794566, -35.44312153770894
38.080169431814, -29.733694110230232

3.5643576548815448, -22.313430943525773
-3.3032699807655765, -35.45789082676782
41.93635403358652, -28.000107068545482

0.5761348799443953, -25.19876753530373
-3.6279127289565345, -35.95576873659226
40.45559664734173, -29.985779077520853

-1.093425107575901, -28.442911856965
-3.2495759754023466, -38.899002976474506
41.8326586644731, -26.48125039914265

-2.1207621852099248, -29.90410848423455
-0.5640349893198939, -36.1887559737454
45.517305501177766, -30.292283018887993

0.4830239976019355, -31.888108989357434
-2.068681595544283, -32.616753192615114
43.86921693667626, -29.305544323970658

3.1574493961869443, -29.106056904287605
-2.1158715510068795, -32.08259870022679
47.619004266783975, -27.376256028686857

-0.3141926797128134, -28.719801359048855
-2.323125432611582, -33.36656042959138
45.910913784204666, -28.241707029469328

-1.585936541723612, -30.2535225878793
-1.4462100980820578, -32.07219777232948
47.49910405658145, -27.825757550556872

0.32979793363154997, -26.42932853753764
-3.266280109142695, -28.71145476054936
44.14291232271304, -26.175656362639128

3.2190081821265792, -26.66546284853991
-2.1464055188762377, -29.830176136315508
46.50152165983007, -24.710362648653266

1.2443527245808959, -28.620731646428816
-0.9132780407353263, -27.096512053786846
44.821564774409524, -21.66472199220574

2.04956922135087, -25.812268555485225
2.7359803454306943, -25.231843829716027
44.270474554514294, -21.84820792947396

1.41531117770936, -28.499280784320952
0.8060444080889919, -24.608417935630413
41.0488990646996, -23.68815010788694

-0.31596500072455136, -31.19339509624526
1.051138455790528, -24.83319928251754
41.621072855216205, -24.144205743739345

3.5070907427636326, -32.09301410056986
-0.8427554688291199, -28.125404366521675
42.688379239162224, -27.417361364787915

4.761231456072893, -29.671377832752132
-3.962024537449219, -31.924035909218507
40.698831397485435, -29.71445184931514

2.7884235669659088, -28.75120000354817
-4.921010526233656, -29.70342789943232
41.473429809011236, -28.637283277051417

3.937895137157585, -27.57265819989292
-3.5953085001564657, -31.59890054377641
39.621907618832026, -27.63979616065352

4.229640707722284, -29.129729154973802
-4.864248982605557, -27.78928891952095
36.81638740731495, -24.673040669287744

3.7495887692137533, -28.219433124739147
-4.866949924544096, -24.65266291804177
39.69226966395179, -24.962867399832156

4.704358425887796, -27.953389845502638
-2.638550721717986, -21.628273078639747
36.07668835818618, -24.020808992305767

7.9249878552234465, -29.95381129282844
-4.962040684242877, -20.826254419516523
33.630238585232036, -24.44818749353154

5.4437080452101165, -26.586908715703082
-1.2111652483261475, -19.88727220162847
36.706175246061825, -25.016205586041796

4.010518063046965, -26.51106206678036
-2.8668161592099155, -17.424000866214527
35.147925721359385, -23.899996239045663

1.2415656422093475, -28.483303577045188
-6.071321622190097, -17.96044180575712
38.30340943346177, -23.25271721555402

1.1620490059569928, -26.32362385968994
-9.431584329571784, -16.94011929263143
40.72414365140462, -25.209286173520866

-1.181172024298955, -27.49109545837861
-11.55924437017283, -17.90367196749493
43.96002786119265, -27.84615036247049

-4.517999654346333, -30.389826418097964
-12.254547282984234, -16.312479757058156
40.1107370345759, -25.1099667294143

-0.771280801781316, -31.937485591218365
-14.143889089360824, -14.199870647523653
39.50230604696512, -24.322733811687847

-2.155242919436926, -30.7292157384586
-16.771669350826336, -17.63618413230896
40.289892920862876, -24.127683619596976

-4.3214332471971195, -33.88154377752293
-20.66519599542287, -20.8519427904801
41.044781549256456, -21.515393305340634

-2.9428748621639844, -31.599725461541915
-23.945042318679583, -24.1994043879917
37.78484395236752, -22.255325470972316

-6.465329363154514, -30.11785757740021
-27.60265795793154, -28.176991145432662
40.19128435074756, -26.182114590488357

-3.588309862890058, -27.324891149215954
-28.263262057486127, -29.457308354652266
41.40237410567298, -28.61985766189266

-2.3152388821924514, -25.550780680091815
-25.838613353111633, -29.52683904721719
44.892896095028114, -31.334913302913424

-0.037043008675337497, -25.52828079381092
-25.56981308995538, -31.59242599754467
45.07124800461392, -33.680945199922505

-2.2623216358387097, -29.3818181651191
-25.032644002073436, -31.031725292310828
45.30005151689043, -31.66276832667049

0.15977993399966195, -28.445055679831103
-25.248517632868293, -28.935724792324677
46.538385061855266, -33.51855435412203

-1.3273397171372787, -27.35620968672921
-28.491614857859005, -29.120507247998304
44.319448328855714, -35.345412214769716

-3.639897795812465, -24.693143685613055
-30.443895811783648, -29.465681563284416
41.33520904483881, -38.54560739121787

-7.574850213417302, -26.9055059292532
-30.57921695230112, -27.02310082094975
42.63179449831571, -39.1657372807134

-8.058701871636437, -27.26663172576743
-27.19079570944578, -26.83893372212298
41.34384243142613, -35.34342737601095

-5.5196478290005775, -25.474783229166036
-29.00797207836282, -25.768617718117437
43.822416255475716, -37.770845051281995

-5.516689531153106, -27.22501913548707
-30.836283221795497, -28.65267247672686
42.6900357127366, -40.28806653078666

-2.7573032600063128, -26.207778345030768
-33.61480006066731, -30.863624726666455
41.62006566185337, -37.40028880226946

0.5104158256680078, -24.12319303361384
-35.42394406630025, -29.74439435875437
42.062019719311415, -40.37281356954856

-2.006913322713105, -22.891491667136204
-39.24237474287199, -31.855345836379815
41.35778041228088, -41.493433648936914

-4.214262994069017, -21.002547111799675
-38.58038940437693, -32.975320826775956
39.04406281185548, -45.238418062293285

-7.203888864997387, -24.18683919566391
-39.39687712977976, -36.792403275524514
38.854965072796524, -45.623198113638054

-8.299629296012847, -22.77455913182514
-36.089558222252634, -36.21185516664397
40.74188363445243, -43.90085886758402

-4.594310650788235, -20.030623728559515
-39.2302343696848, -32.56429862583614
43.912352293704004, -45.145996702759824

-4.803503811686386, -19.27204701893454
-39.52613853181669, -30.715695816202143
43.652320098596725, -44.91613502465407

-1.2639878024959268, -22.44061133683959
-38.47241812650197, -30.91443599958874
39.8314268830818, -44.118574115843415

1.9249456301443981, -25.284200260111856
-41.24461491729168, -28.811376412211963
37.92577704419073, -44.4361458896007

2.3602977483970626, -21.40256679807331
-39.82032020169196, -31.357147439318314
34.5523816199134, -48.217805021348155

1.0637816365911865, -23.91583174210689
-38.812567517271646, -32.126976167382665
36.346096361188394, -50.69586026068465

-1.82092995856312, -27.781439406312785
-38.53014942247206, -35.80118184671892
38.45316381706546, -50.31564257898993

0.8961296419947473, -27.331668762473875
-35.18783025028569, -36.29280723979524
40.302374187394314, -53.82987449242985

0.08581717371569564, -26.05144956220777
-36.713606942309035, -34.829998176579416
37.34218383363155, -52.25171599035959

-1.8945672356747307, -24.381490236902064
-37.678402774385106, -35.05802609140438
39.18254273104795, -52.792163740010224

0.9131307600350631, -23.194081355121853
-35.68093854976921, -31.30741048198694
38.233800033704505, -49.32380836680632

-0.02186660837888077, -20.353292196329978
-31.875637514092517, -31.394612849104618
39.25368070977522, -46.82413344184553

2.0158519501199947, -18.11504009436456
-30.344308233255585, -28.222508819946572
35.27089836935229, -48.32296741011297

5.8597411054131125, -20.07472144499012
-27.309270308130458, -26.209021678546414
32.24713548735364, -47.60321135940745

9.523855092648759, -21.058712274797458
-23.542707777009618, -24.500975640428333
33.992525647481955, -46.42354440839589

9.767993982929788, -19.49659194219016
-21.255966807035865, -23.161034830498735
36.51609890581795, -47.17053568718443

6.273781793954208, -17.992065042144365
-21.050764845307175, -25.298520343446572
32.98448036972974, -46.51982377398033

5.430641652988607, -17.849841315210977
-18.476761718402482, -22.114972966577533
33.855053689955184, -43.946854992686006

5.62046279516019, -18.31074119606361
-15.720800852266304, -20.15355653584658
33.140406206272594, -41.77040670184171

9.264611168392065, -20.76713850938291
-16.878653520242104, -17.294455518455337
32.5957434498894, -43.18841654494653

7.996700076739445, -24.54059726800224
-20.09808641509524, -15.624359458565248
32.96724375544953, -39.712529121609684

10.014643960965504, -27.59134388349422
-18.860727788202876, -19.077401715016954
33.597510071513184, -36.73474597397755

12.086979032394094, -25.52203174989236
-15.775492284613225, -20.932523723582307
31.142055151797152, -39.205083125930024

13.880114852283945, -22.450897379344838
-14.018829672273, -21.247189477822715
30.906528737062345, -39.12807876901437

10.588434089993186, -21.518551805031677
-11.746880132820081, -20.354875916220795
32.872067509421726, -37.1051664351484

10.296055759690251, -25.131658306346672
-13.49163082684216, -16.488887213412603
36.14750502120839, -35.136181509320394

10.771851411263533, -27.110018198337656
-13.340316501148598, -16.584166108821343
35.200365156013184, -38.59641520791972

6.808880615097693, -28.954110539114765
-16.48633227668376, -17.61977572949294
37.66931334030379, -42.37095673805371

4.874489171182584, -27.50190588168922
-20.022728210837563, -15.378156614663268
33.75100161642693, -41.50605457852551

1.9066010493536112, -27.623466375896605
-23.290680464201102, -16.95295469031276
31.89565509972145, -37.605305290148436

1.8141291155511015, -26.031550359045585
-22.766466567103965, -18.73369129387292
28.462989658721224, -35.2147397802577

3.332235996102008, -29.490730744892932
-26.766107656981188, -14.923849780308686
29.717631360906992, -33.008964878488264

3.611970564633957, -27.27069664180233
-29.391700194567143, -18.63536082379968
33.37935028137896, -33.347140028688216

3.39209265826368, -27.18505859874525
-28.49214200307876, -15.42863726043251
32.18035800215161, -33.870099082783845

0.4516911258953211, -30.898368100767243
-27.654929334648838, -12.050800179179543
32.436959478314705, -37.72521334706388

2.3254658331955165, -33.740263360074536
-26.83856134671595, -14.023516291242892
32.68704416463535, -39.222240905295

3.812143076698802, -34.78614805549918
-26.876339465467332, -11.604228629634434
33.54648928496124, -36.694172766465606

0.7031486937309639, -34.92103520363766
-28.465164665773166, -9.53272365397755
31.127185070406, -33.30892374510321

4.133157472574829, -35.26392749124822
-27.024579136949956, -7.9072206011351085
30.238284628771435, -32.8116051883269

1.3065020645626468, -35.36866269649119
-30.46572826790686, -8.106767558345926
31.976664239046308, -35.78007454041065

-1.8592754000691425, -34.7066420304546
-28.870977330578892, -11.529127346478582
32.60978168519649, -33.203752707334836

-5.651379817859032, -36.542404515168
-25.075257242160795, -10.242437468512822
34.38903582950908, -32.86108274808834

-9.257859946763109, -36.11153426777227
-22.969775845602157, -13.049058161392416
35.70436339273275, -29.154567597279737

-8.337498104220748, -34.51150172458623
-24.789183153551058, -14.013577365597973
33.66687862280735, -32.229887182237206

-8.53870625043216, -33.00221174185999
-28.532853098294527, -11.405735612494766
31.419645648911395, -30.88386548270858

-7.221103484959899, -31.993891036938678
-28.54597501684527, -13.834908921414856
32.45031330471371, -34.70037545278061

-6.6846875167933195, -32.36665725045484
-28.907732962726115, -16.147026064238673
32.61811514642291, -34.33615343336055

-4.491941922320097, -29.879785433180302
-30.93227724675266, -18.22320085037964
30.26860584759491, -34.793501774411446

-1.7148574238066647, -30.29083349555799
-31.442642190182134, -17.95623769526618
33.75237759945135, -32.422471479148435

1.167335404261829, -26.487980432281795
-35.19930113961924, -17.0697661545572
37.62748058939614, -33.042658698128946

-0.8507770178266876, -29.834759638961255
-38.242210238479295, -15.39003947616288
36.3624426092807, -32.99691105174975

-1.4705690476392759, -29.410945207168687
-34.65815603746542, -13.57787745672951
39.759696446134, -35.58065936653547

-2.4322925573457352, -32.61605298024921
-35.95042790009172, -17.032674666371253
38.68735393587919, -33.28373463582429

-1.4025894288155003, -29.810450112846848
-32.759417170027454, -20.90731800652705
36.040236045557464, -37.170041697772966

-0.19206500670817306, -28.623123644070425
-32.39141513820166, -22.138615548593158
39.17827002588204, -39.4790775700974

1.458268177216035, -30.63530860465193
-29.572590419396217, -24.64518003211084
38.286542626204145, -39.78838940523167

4.967088411177158, -33.33924953312653
-29.73721749125061, -22.26829986305929
42.06678768106128, -36.695766199681344

3.4432442359785647, -32.09668789852422
-33.287451889610345, -19.287334050409335
44.22482544098583, -33.04269456358684

1.7266101472301152, -28.455968462254894
-36.76975023250947, -18.685235954505295
44.91622667189161, -36.52872423629753

1.7500979111238486, -29.842397705559858
-40.199834412975996, -20.148802390655018
48.80365936209189, -38.92451972546668

4.632475593836561, -32.18202961195059
-38.14392389586872, -23.539189498942605
50.18282501133984, -39.26927375108689

7.038357098062005, -34.93705016258629
-38.36257455138309, -20.249227350367704
52.50988744558943, -42.826160797002096

8.77404400765448, -38.37037837094741
-36.17508074467895, -23.429624226846546
50.00760011029703, -45.19931466790823

6.654904354072762, -39.87601037812875
-33.561451518490664, -20.673209548486383
49.621780216410876, -47.10144538428031

10.374134776392637, -38.436518715137574
-37.46959441983322, -24.5913066405755
47.85441957350162, -49.777427773359655

7.274431462624974, -42.43309977698799
-34.375165697421025, -25.555561437322
44.828634817998875, -51.009307644610786

6.853495937267168, -45.19513750468671
-32.42049707488939, -27.529380413340053
41.184339677929955, -53.596339162745004

8.333715005176392, -43.709894778146925
-31.865210148916223, -27.632937761233514
44.56787502515547, -54.84839201934164

10.944986135684854, -42.39894723667787
-33.198267397728976, -29.066362953296956
47.42221391750154, -58.26904049790303

12.47662340434984, -40.41661103748573
-33.04333159206544, -27.282580268713353
47.15050311349984, -59.80092372678319

12.243819575617495, -43.12436063507258
-36.29560626226248, -26.249093674916928
50.40679959247829, -57.32778764552744

16.118628009468907, -40.55472452752568
-40.01739287821631, -28.527001746739835
47.823034621381886, -59.643361428937816

16.35886455381692, -37.752326806721044
-40.77146380549043, -25.939942863981578
43.86448113476697, -59.04965548827952

17.762128415984687, -37.46452866203183
-40.313710833702565, -25.73510599650876
46.08079395721086, -61.56715531760889

13.839775714359321, -34.08325584531621
-37.48529697433458, -28.12022868868758
44.88594933423749, -60.00399290837595

11.331774104652023, -37.24899722098746
-37.81644839932077, -30.22766199144405
42.693322265890934, -57.238681582601906

13.610309457605346, -33.720023958041224
-35.43625360426687, -27.64899725574221
39.73476077217554, -54.69864458099628

14.465640378065567, -31.989020616407164
-37.877524302971956, -27.326937463149434
41.92112518009031, -53.370103540003214

18.397597769662678, -28.367053511969022
-40.04452063036379, -27.33680344991764
44.77964880412002, -52.855512324516006

15.815447057875401, -31.185626798069386
-43.95953130345074, -25.753048553656587
41.4094884232193, -54.715509046126726

15.379987253027199, -27.924649569908812
-46.47820019217148, -25.788472552658355
44.079953444137814, -54.155128675361794

18.153944048035314, -29.7894971348246
-42.48943534868684, -24.899070376914022
44.489116897143816, -51.419793282444026

20.339467428868947, -33.66910373050854
-41.03574365507427, -20.947824204218122
42.9874770555639, -54.41648624325314

18.901909839410898, -35.30295144156591
-44.08128572602034, -19.657542455741034
46.1897075978395, -54.88233579068793

18.01296254038465, -35.9992082636021
-40.859703405313525, -22.274160483087996
46.77762714796518, -58.05349822276486

21.17467916848621, -33.177440532492305
-40.79484238274258, -23.07860876105383
43.100738934987206, -59.01809772981861

20.849690016578997, -31.778169422059428
-41.04715719318461, -26.271910364593268
44.72291327693205, -57.80635752674837

22.957242363562543, -30.93872135366629
-39.20107698443839, -27.141645492800823
44.87932172569761, -56.03418813096739

22.380833326739292, -28.950189912824438
-41.76979920614696, -23.655149847845006
42.124352502062315, -54.78913789063834

19.950891719156694, -25.629529620220126
-41.73375406856382, -26.712412543798617
42.33837219746812, -53.86910941049361

21.083901953347272, -29.543674439830795
-38.16024366696249, -25.50574542040859
43.643743564088766, -57.24867330884213

20.45859741369411, -28.625909387667697
-39.78264436583269, -23.258158168580117
42.08599022274228, -55.59743899338194

24.32625150987171, -31.710637533578193
-38.13538586940577, -19.560606860866038
40.64996518701741, -54.52872681041426

20.766072914141606, -34.1554395540168
-41.40699527437864, -22.49434400895027
44.07448000444129, -55.44180403726237

21.242731661630422, -31.356792259771172
-42.56274493882695, -22.75138865290738
45.22098255337158, -56.44565150780988

19.46225573058893, -32.48107707642343
-45.68523826075025, -19.74437919082183
44.884413538686296, -56.97712603290945

18.767183884362872, -28.992555599695187
-44.429378927848184, -20.285053658495546
48.30285800254805, -55.08363759921182

20.631398374935753, -32.17934984475606
-45.99938394576731, -24.076126419195727
48.76684587757332, -56.65023537740035

23.070133158990124, -36.153549374909964
-44.236477449505415, -25.002682961699637
50.75236121739309, -54.53378788934827

20.37177654787092, -34.059291160146174
-47.992827285857075, -22.806630413965628
53.85689380925468, -55.885372011047146

22.936531743866166, -36.43883936869551
-50.93763354749811, -22.495797374867145
54.64388817856601, -54.97055284897083

23.56198333688579, -34.580061749365065
-48.0065805774393, -22.531577340714314
55.3944648081233, -57.997848346774155

25.397259515130905, -32.928590736110465
-49.93536043101452, -25.612693155648667
56.004124112276415, -61.53686991430824

24.69871807002308, -34.671460712228466
-50.20044611760373, -24.58320776825957
56.843812203242884, -61.189071890419

21.905565870734172, -36.22787352992385
-50.361857909553564, -22.491918192313154
55.47154891185761, -62.38250853315245

19.183140500551566, -39.08177814075283
-47.22509644298289, -20.106195062476615
59.189823592950816, -59.136548469605415

20.871485676598628, -36.53525066528479
-51.02910695993535, -22.54635721058332
62.25000658160728, -57.96900126008976

17.03723163801418, -35.86668223650398
-53.65073761527233, -21.543677783434422
63.10435450258874, -61.47173921829622

19.158152188980868, -32.55512073766332
-56.23707749171643, -21.528870846716046
64.76434416873633, -63.463840673693724

19.149845412098546, -29.867597948068315
-53.60220091350596, -23.16419818673798
62.95657639867761, -66.62586462193322

20.86031833122705, -27.910767241577936
-51.79273570134163, -21.81152188098214
59.94955725726648, -65.90453857834248

24.167035966643112, -28.34984368694478
-54.644505244511045, -23.047345374097517
58.96670535733201, -68.4677134871889

28.03845855526366, -29.67799225798248
-57.31692815086516, -19.172142908350153
59.34171104957042, -66.0898196560104

30.788103775936545, -27.37382806161134
-55.42968426471606, -22.83523151863382
59.51979341689747, -68.04793546035971

28.70502074004964, -26.249382429035812
-58.63784110378885, -25.641266969212836
63.46121226816124, -70.92484500928711

29.517537160271452, -24.333306165169386
-60.508268324427604, -29.587427051693144
66.19309164192669, -74.15603192747606

26.73318340457827, -25.73494323211625
-63.056671636013355, -29.548833846222273
67.68886260332337, -75.36268764649886

24.684804501548, -27.629022996802263
-61.516193061078354, -29.601729369706373
71.57519823046768, -76.86443258429911

23.220072840377814, -26.614812659941936
-59.483266079337376, -25.80021177311034
72.6681111382775, -73.1472186882687

22.96878147712533, -26.931284665937888
-56.88511488387842, -23.700393644433674
75.83405378736173, -75.91118009886023

25.174516551367553, -28.05111874406643
-57.23912769147141, -25.631127861455717
72.57338117984831, -76.93639344987946

28.85271696305319, -24.15002005354357
-60.87079100425541, -24.759787281293573
70.35707284972518, -79.78256662357269

26.375536558904045, -23.873593733939252
-63.91776358826783, -23.001806142008743
73.67459327146035, -78.96595137308029

24.54196140496, -21.153634916716765
-63.58123649784387, -20.11641905449802
75.13098014645986, -77.26864327756579

24.122014533188178, -21.98743969891197
-62.19958249781248, -19.209924547492598
78.40202535380145, -73.31461632991908

23.37221908543827, -23.904054378290397
-61.531390688983976, -21.64619710464472
80.41104165419043, -72.05627351370744

22.78620312845804, -25.90799065391173
-61.17377354308556, -23.756035936674014
78.97327476215679, -68.70915551701322

20.114421067004166, -27.258891042754925
-60.881712029802, -25.370018663628393
75.99006258278867, -72.00448954001907

21.94048565824103, -28.221132222675088
-64.5477211259431, -22.75687855378465
74.17328184960775, -68.64337056575798

25.55849455762836, -29.227171813527157
-66.00818275514355, -19.600372139722964
76.93101202245342, -71.12901912871443

23.418480511388914, -26.396876929800484
-65.19404372557413, -20.707961310094117
78.20110704560996, -74.86030923146954

22.946161057130528, -28.3123284753356
-63.85992397505162, -17.682713081504083
75.6966487160999, -73.88745815611884

25.50022079718773, -26.62312815222077
-64.44957787755858, -19.197978369394008
78.48031794351255, -75.85388724048369

28.79194508806452, -24.810213095959874
-64.4594522546882, -15.740706341667451
76.44511245195054, -74.97302339801352

31.419599591274515, -22.181107017547703
-64.57978471838982, -18.245321939030745
79.53975324147115, -78.37753179763405

29.904575443568753, -24.769229519958053
-67.7421041706622, -18.682363828694875
81.50978282215674, -81.21874636093477

31.433434941339822, -22.46682244189723
-64.45064147380884, -19.24129713508872
82.18801432296178, -78.66711020948561

32.023313091773105, -25.378728892486727
-66.3312438677081, -21.11121351082211
80.69603909790095, -77.04559342325715

33.77005725829034, -23.129763773645802
-66.25457428397243, -22.328421615461522
77.61523799499767, -78.83158604965034

29.984525475617506, -24.278353517538196
-63.63139938758461, -21.995308069989218
80.76981640922214, -77.35344216366096

26.542633237955, -26.26440539710792
-63.36771021450357, -19.24075907280907
83.67314424832708, -75.9077048150339

25.094140430662197, -28.546342292898785
-66.46382830435886, -19.16198095607803
85.62710227951332, -72.78493413267454

25.009206286330613, -30.16548582399561
-69.5466616187837, -15.436864573009938
82.95572734750364, -70.87912904287663

25.402530533766594, -26.364520435785238
-72.61391200975066, -11.659685222738556
83.93340444325968, -70.43459558097842

24.681188277297473, -29.57701894753315
-76.60180649419782, -9.063243359581428
80.8251344283283, -73.48231139870438

27.120246091587646, -29.396810918375763
-78.70192250652339, -5.683270132224515
80.41215277754789, -76.52807676148217

23.648560618044353, -28.892863077589475
-80.2645114013725, -3.7204138609171116
81.67233711902023, -78.38976749742228

26.214017231160565, -25.398542613627434
-78.76651654847298, -1.5756166289672597
80.61546364771367, -79.88108406455876

26.408481561269745, -21.9364683104931
-78.11662834800156, 2.3100007615878555
78.00680872966768, -83.21837437222631

25.89196635716192, -24.443426970047774
-75.26808199305763, 0.49800930926855624
74.7025919472982, -82.97732650687811

24.976845219614685, -22.387497734428496
-71.41536454783007, 3.8600825639648653
74.11195595852642, -80.74827509322388

25.516761887605274, -19.784757983988257
-68.93969911777384, 1.7883743496315878
75.74508978981063, -79.87722164593052

21.57014376064964, -18.73883177449291
-65.76293859727953, 1.2583467393059529
78.61121942182821, -82.42258440798986

22.255368793125477, -16.289335232093336
-69.27785556960897, 0.028796488887805616
75.32913929720448, -86.32609737300085

25.810309824584774, -19.147881614595033
-72.84132335236316, 0.8457217711267342
74.01402547514955, -88.22992873406756

26.73620428304342, -17.99122621579054
-70.74829338155062, 3.8996051955102695
72.86489491541438, -85.33812731571723

27.971080487863922, -14.907024684712654
-68.94190415851523, 0.3814533569337133
70.07172858542255, -89.27130578929452

25.540389643815452, -11.865669333173699
-67.3919091286169, -0.9565594570608029
67.86474413065692, -88.97533141232554

25.801271844013865, -7.883758277814287
-67.18950771972028, -4.95332534140991
70.37360300144718, -85.16362731587064

22.816019954411114, -11.014465871444525
-67.49432408990441, -8.844626095474702
69.1794105361899, -87.64654538976352

18.822793996807988, -10.66239905592313
-68.31043530516011, -11.24123813280167
66.12891653649442, -88.23166029901239

22.16060677759397, -11.637680513642687
-69.74995709912827, -10.522368768086373
63.84581315025065, -88.85339078591566

24.832639381766935, -8.021058144625918
-72.18095707065807, -9.773931406525078
60.27011403526895, -87.89985843012346

23.333568746300326, -8.384273252921378
-72.09633635359481, -8.756751173872638
59.085861652989436, -84.61196300156567

26.84945173279884, -8.466607598326998
-72.49741792268759, -7.042551108157935
58.387279619520775, -85.00317948184109

25.964747460424462, -9.082438820307782
-71.08434705799326, -3.4709458306935312
56.41697865264187, -84.94318528651216

23.456370431305523, -7.257691623979606
-75.0835566457852, 0.17381352915651416
55.58342250944193, -88.2645247840613

21.905290683896204, -8.832720878913
-72.4683154122379, 3.6803835163198233
54.1558328092052, -90.56882346674018

19.2001959252081, -12.8220058389452
-68.49082013871701, -0.31594512220428594
53.04831528058179, -91.94692288961392

20.165677786690022, -16.04388690087217
-65.93153213418859, -0.749664597406615
51.070272186312756, -91.88693781476812

18.5114906289724, -14.132046251806333
-62.898854747167704, 2.194969022018787
52.05998042447755, -91.06553407525361

19.399769135354546, -16.698648030836928
-65.40613066283107, 1.2189533305353457
50.068933505577895, -92.4535162581012

18.625702739395233, -14.490908329810901
-67.91884258208263, -0.29754889865131506
50.11879352837331, -94.22900646227468

16.31532255447288, -15.498024030137735
-67.69042214172431, -0.24016109434688193
48.6900856053713, -90.3023678231249

13.767045060322253, -11.50812360875264
-67.0535948558018, -2.8729992509846767
46.32368012727231, -92.431191798345

9.93733935537155, -10.656095101745436
-65.58394112523426, -2.890984712861532
46.30886387171253, -89.91757875189649

8.969731857254047, -12.790931455862511
-66.39748191229233, -3.9676639213048945
46.19197136292408, -91.32230049937094

7.5157659351360415, -16.012500647532192
-64.49818374689727, -4.861653639450879
43.67557101056632, -91.01212940215531

6.700315086854524, -17.9329761328551
-64.80023693275474, -1.8447863559267894
41.43287267673457, -87.9630250422642

8.43571876755613, -16.162691052018115
-64.70155693503077, -4.98945975497578
43.27853465196768, -90.5164523727704

5.9645104956108375, -12.917216577856003
-66.74884808777843, -3.241627578659676
45.03619659289449, -88.8797082134776

7.219167398785887, -15.908262548122707
-68.09821977980239, -2.700083779828315
48.514847174580375, -88.46688824780212

3.9404597696188812, -17.972333309809393
-67.04369381999399, 0.3860711392033265
49.91878077390935, -85.92995294897234

6.979148221713455, -18.415774471100896
-64.11967259430286, -0.4383696741585865
50.2793469385082, -87.89106051399301

3.972135419655915, -20.797156428927874
-67.41150705829749, -2.4479262959077914
53.05372364798628, -91.19576658736435

2.2675469756991102, -21.3327523066572
-67.16646644448414, -1.2440790584541421
50.52086558534426, -91.42476874120743

-1.5180183306155985, -18.57820486296034
-67.37648362614465, -4.700167913163695
49.14539315035803, -90.4851649453533

-0.1960919326401287, -21.371503782658277
-65.80705612160394, -0.7175862891581106
49.04854224547388, -92.22901347063738

0.7648424859847358, -19.622089518778047
-68.20414521470954, 2.9763021186509127
50.49003194960387, -91.62014689188834

-1.8772668149267906, -16.416519086011956
-71.77931450724536, 4.222168090848755
49.773904578642856, -90.94384110963468

-3.1679805514975943, -14.347680577793703
-70.21315970298045, 3.1515525376415177
52.47843378039082, -88.96416294522372

-5.23472112184349, -14.209600937269133
-69.1318462224909, 2.9621095540159237
54.975399230516075, -91.05365033348382

-6.241206950414772, -17.25827863179641
-70.82220766375752, -0.3836188897439934
52.4695106149477, -89.19536010155677

-6.159654539546816, -18.091592072182976
-69.99918968560762, -3.9730728041374004
52.65129591519571, -92.50928394004539

-3.0536077738343277, -15.83830026219023
-68.95494366318248, -3.229792468938138
49.270890833088444, -90.37475779958845

-1.2212028710181668, -15.70902314760503
-65.07918337302827, -4.756005047563792
49.81593981622094, -93.18793190335914

-3.028764894664885, -16.738021419785444
-61.32328144517027, -3.1718069322000986
52.300731458498205, -94.95758254499707

-4.342690607856793, -17.923171001400178
-59.84709995151412, -1.0521934634984849
50.424587470335794, -96.94737718481676

-7.6666986995041775, -17.602118933693735
-62.209030281181256, 2.4937766667556236
46.889703512669804, -100.63863394657672

-5.85966702707913, -15.136333711263557
-64.55606088569975, 1.3232779210335748
50.39109542701979, -98.11206593746097

-8.41139414636916, -14.247199525905376
-64.47179653104159, 2.4059596412723954
54.11426787293256, -98.22870774986545

-12.263452118907288, -13.004789467548958
-62.64439339163605, -1.1179656980263744
56.78669561916339, -96.04082957756181

-14.992517061177399, -9.804431080616233
-65.6483997024439, -2.501077671187889
60.75495037538825, -98.2831296532005

-12.605814337531465, -9.316359739031622
-68.08073610407394, 1.0076809202024553
64.16246715600536, -102.26172039971895

-15.021683596353556, -10.008144740792524
-65.43370855716651, 2.8177966641610217
67.75016321077871, -104.2219989968617

-11.370396334975908, -7.028688866936042
-67.0891034148583, -0.9788735135906643
68.07486222010606, -104.13455534981915

-8.24308728150955, -3.273300044221852
-71.06320703789146, -4.3995522733627
71.60776587851852, -101.11429160204085

-6.920947160386147, 0.6989272509616224
-70.97896474726916, -5.529949400820834
70.73967488740499, -97.3351056165175

-8.556996267829, 4.379476501343256
-69.40148776062482, -3.8045467041459364
67.65002044362426, -99.18250252373488

-12.265780596720266, 6.477546675829901
-72.95067506015688, -6.639038641390234
67.29734218780563, -95.93554534980595

-9.978053067601348, 3.1292530993158323
-73.67011427123441, -6.5548846668473
69.0092985766799, -95.1056467732029

-7.523120218654862, 6.662105948969494
-74.38240874884134, -4.23823888556573
72.67638025141427, -93.58931399061848

-11.454498353178941, 3.6494452042762973
-74.7746691929902, -3.5247430479530157
71.56984032425481, -93.07737281750386

-8.217706431534339, 1.2737941863416502
-75.01127150820658, -1.5723013351488833
70.04337783459229, -93.23635517165393

-4.76963404606748, 3.8329043331220225
-75.77464795159626, 1.1363053422861356
72.72056464462868, -89.46694116630118

-1.2819855869413823, 3.8084471519464236
-79.69741655019598, 4.001809538378861
75.64202479757732, -90.69726862519063

0.6264363181659052, 1.507665053261495
-80.99697564281291, 1.1918454756487575
73.09845211285283, -91.9007572025127

1.4442961360138984, 0.7462787852098778
-80.66865637543508, -2.530352556504357
70.9504588303078, -93.85873290622807

5.148254671002034, 3.886182042677201
-81.62230406362823, -1.4879739246964014
69.6591995986512, -91.9468728076978

2.893645640522256, 0.11563873220183662
-80.45419332007745, 0.3589903535264112
68.84189197902595, -89.0148881305106

2.562136284680604, 3.9160362419103247
-76.89418991911369, 0.6194933402403011
71.48672405373314, -90.29919066360145

6.068991390063844, 4.9686048768651245
-79.17906118034857, -1.788448579002984
72.41917297130992, -92.75293554771211

7.934665119305012, 2.651554557325791
-78.93202154619638, -1.638373481253546
73.43376778965688, -91.42763031263162

8.141213578763185, 6.313055885128709
-75.85060985149481, 2.360133320426203
70.23118868636385, -87.57103199842014

5.98712307462479, 4.537441240609279
-77.4236626560118, 1.8476551198002333
66.2965251444338, -84.94504102172264

6.952366154514252, 5.9002186158236265
-80.34775321628139, 4.255411819263876
68.94569720430148, -84.38738974157269

6.225317453200161, 2.6194499549597268
-77.01579216131914, 7.945932942305958
72.48862063499365, -85.37957010854659

9.784445968350429, 3.7700728937157466
-74.36372701315624, 8.918628107399437
74.13970124223144, -84.23421641263141

13.782771647710959, 2.5587396610544477
-76.90158192503334, 8.235877835714849
71.87976612046491, -81.42039829798517

10.189420482442337, 1.4462054913699802
-74.4582503554578, 8.404036242898515
72.35983131114459, -77.54192965744814

9.143786503008432, 4.988520173741102
-75.91632816818743, 7.906909739062188
71.97967875737565, -75.24900245793117

10.87902582210102, 4.55345345736304
-74.73269005242896, 10.236874312981747
69.52645756180392, -79.00302844973278

11.903126582646188, 5.86071955722295
-78.20151710770358, 6.942822993347714
71.00825717416787, -76.52760627497806

15.47200861158484, 2.030615196790838
-78.55046252451024, 4.704002407156509
70.94411281581047, -77.38420755748528

13.393813888192767, 2.99602791483688
-78.38941010744153, 3.815882556148946
72.58272100806053, -73.52644873036962

17.300238158189423, 4.219434272606438
-78.71225579476102, 6.885679886418407
75.16152369986439, -70.21880831905673

18.814308237230748, 5.369912133583951
-79.54464245015303, 9.253823396734113
77.57096457395325, -70.28828067178907

20.663674900525773, 7.6863018730777295
-76.55576739058606, 8.742415929257204
79.00452757253463, -71.60430325247523

16.83200738821146, 5.132363017903201
-80.32601838684816, 8.279823753393515
78.90913675479587, -70.11965502179953

20.067007380047684, 3.031920793546684
-83.60730168953883, 5.15964906145379
82.75866202683397, -72.61038842556208

16.826328824094787, 2.390237754876166
-83.95010249476506, 1.6507400048269716
83.96615939076217, -74.40955861746023

20.580081469271665, 5.891118387020815
-81.49638749861445, -1.7648499636817805
81.71791106439734, -78.40104882538117

18.909439277314476, 9.116256785031517
-77.9829937940342, 1.7550823350183347
81.3050765720797, -78.6376442075251

15.5060331378854, 9.79633610218869
-78.77536809489632, -1.9900339383519032
79.24498604762927, -78.94631848710127

18.757207200367557, 12.883582818951645
-76.0744040272145, -3.7382401271172645
76.94009807504028, -79.78724333445425

14.936408081049773, 11.884295428262043
-74.2122784440022, -5.4816051901347205
77.10360616834828, -82.05620808490349

16.336155668866965, 13.040991409925864
-77.43267282093721, -7.179877014317512
78.25325500047842, -79.93079648284298

15.393084811955708, 9.877223320260345
-80.84803281133179, -5.644172335755112
81.06344162752875, -79.0546993436288

13.06515667361434, 9.606444132748052
-80.72271723410549, -8.870159560097418
77.53720927564564, -81.82824497566185

10.84714483008489, 10.295782486684564
-78.56170314239421, -5.334870913263204
80.48919289196624, -85.39681072358722

12.22354376188705, 9.762748961368382
-75.79866805457328, -7.185959483139449
83.12752197366446, -87.17956692588108

11.869708673279085, 11.5056857084883
-76.89550185892283, -8.960950603076498
79.99006067550859, -87.23512247221069

15.702501530167746, 15.303450032054496
-80.44215653590058, -12.217654964023508
83.35513697393381, -87.03273331490361

15.212442283974706, 16.298525808479173
-83.14197672085231, -10.139874240269572
80.64066629469221, -88.098199066442

17.95773076745655, 12.65288049326293
-81.31378494511041, -8.040331296808896
77.50823936644049, -87.67957953467757

18.814629231912825, 10.44834137419878
-80.20256089407793, -6.403883624878276
75.00956631432433, -90.86894175562442

20.827573178126155, 8.472297882668913
-82.83192224157085, -9.037481283910797
72.93051951065961, -93.35875433188724

24.422305765924712, 10.078651313918273
-79.21507841040679, -5.69170230497644
74.65275348179014, -94.78242118622784

26.618202548177933, 9.831395318351898
-77.09754077661894, -4.6089997759881305
75.42779825846442, -94.07654949924252

30.185002951359465, 11.815660849073272
-78.83652707090022, -7.359297454432723
76.65661415886265, -90.5628420446053

33.5775549211471, 13.755139356045385
-79.69468765749068, -5.909114132167543
79.94176854039264, -86.94062932630742

33.67198517162983, 16.016216910085454
-83.65554090611434, -3.3350594884558475
79.5345849254484, -86.39249604303436

34.96665885235694, 14.433095253397049
-85.98863346292865, -6.249214424059728
83.0579900101957, -83.15781816435837

33.23661457901106, 17.20807069485721
-88.56743266555749, -8.662471580000206
79.20052891692612, -86.71036787875187

30.494499480082585, 16.70791640372304
-91.44675434269024, -10.90786396279968
81.46223077201672, -86.10496319851559

29.55688037483773, 18.296682994510547
-95.30031064455792, -7.445882741511931
83.05005584146343, -84.90934540479208

29.100904183378237, 15.281380441264314
-93.7338682533057, -11.105679251976351
84.75264786798519, -87.97392299926821

25.898838757002693, 15.598121143253483
-95.06856156090103, -9.097997342212668
87.90970137153599, -86.85990631367103

23.300771916363566, 16.949287749290335
-95.45017780124941, -6.76538757144452
89.86097854103538, -88.44867618643335

22.735937316091167, 16.55979929990271
-93.90738223361929, -8.052403159731838
88.53007596596049, -92.40710855416296

21.04542251422547, 15.56108592653607
-96.66855706885127, -5.847952835892291
85.41058618019893, -93.17742429158237

23.172451673748977, 17.165314121176955
-95.82957817111472, -4.265790680339334
84.88920473150593, -92.1319933983328

24.350575076582853, 18.679042549941006
-93.09398901483137, -4.911631458115013
88.244682501403, -92.09067465820706

21.897667641542135, 16.711732890787964
-90.79333256228414, -2.5055137546450936
84.39403598455675, -92.01813529772464

24.79160078816915, 17.93430036826956
-92.97427379758336, 0.005278692198003476
85.91864716023538, -89.02973738893382

27.965098611620693, 20.04802730936892
-91.359784972654, 3.5603846758178346
82.21346335512462, -89.13095217814801

29.8891212805534, 16.198919797931243
-89.8438563842103, 3.865799699723752
82.27437422725805, -88.87218955918787

32.67615233810481, 15.73772110708608
-89.28992906566944, 0.3161373896747106
78.80111982945647, -90.10425007796749

34.813726869593545, 12.188186393718901
-86.85871259366873, 0.29060694926960284
76.85157848599404, -91.81163274003515

32.40033189463595, 11.825398494954465
-86.70132749178909, 4.1247980407974225
76.44205660381532, -92.43333048468159

28.81595953193125, 8.101133705800954
-89.78295782668593, 3.361906225757223
73.16523007410912, -91.85186333886507

32.222296179904774, 8.53755352662428
-86.10032065284788, 5.543826596385266
70.06635019972761, -95.53597472726895

28.38870967458397, 10.046835978884655
-87.31925611679516, 3.3942544135795503
69.823496605948, -93.99124858348182

31.55768685836923, 11.171906834169631
-88.824810373248, 1.5532118140384208
67.40818445010993, -96.01567544155144

30.414668986662804, 8.08112601935293
-89.71709400563171, 3.523252920819595
68.56045171344347, -95.66487766883965

29.63569976394527, 9.320474736800486
-91.89727655258169, 5.403511174633153
64.74965839806477, -94.45621880275097

30.63959543674081, 10.548399939089485
-89.20956887097955, 1.7687448555407839
65.1156140178658, -98.11684046018992

28.359690631602884, 11.921087218991858
-87.68197816912439, -0.36248377380977637
61.50797025709161, -97.67900237564966

25.170200710945906, 9.282060978683663
-88.95847696873683, 0.8560416152039227
64.30184938990912, -95.6264466278196

24.667903549447047, 11.233699920507654
-87.96517223919254, 4.425631060878219
62.84045899299363, -97.89607983024003

24.283001615944414, 11.895416879791815
-88.05362901722734, 2.321245098416834
64.91044794747904, -97.31785824435755

25.321883963462682, 8.840256336989722
-91.17265206294155, 2.2956962379523365
68.88050630052037, -95.01185834252253

26.657249804476578, 12.479982141616851
-92.4286574120489, 4.222416314650578
68.95801665388453, -92.42197576664587

27.205247348047717, 11.648285438932827
-89.13890313787513, 3.328822141157108
67.40024446344006, -94.93806550534701

27.53524366265852, 14.97566136902885
-91.89640312327714, 1.5679038548114939
65.52237034169214, -95.9351097556617

27.270453398273354, 11.949718093304492
-88.83786949946531, 2.980145266588295
63.80643876234947, -95.09137324696185

30.967339043718916, 12.642633018037246
-89.51441388901917, 4.644826899568661
64.04641285681778, -98.4578478171445

34.46179858058868, 11.070063378251628
-91.60751409940967, 6.76870281293275
66.42608528891053, -98.30084229891612

33.06234166422145, 13.158843930104128
-88.81612732846887, 5.969417337087125
63.98091444582822, -96.88259111773891

35.57275208073977, 11.066257791260604
-86.28213338441466, 4.663506781702823
67.97999021964627, -98.75939021122558

